400000.000000
-0.143279 0.110449 0.734725 -0.083087 -0.131265 0.000133 0.067500 6.134969e-03
-0.821555 -0.447385 0.090189 0.361249 -0.672055 0.000604 0.067500 6.134969e-03
-0.523231 0.487457 0.676767 -0.383621 -0.434126 0.000208 0.067500 6.134969e-03
-0.415241 0.527824 -0.643747 -0.416409 -0.348419 0.000145 0.067500 6.134969e-03
0.295038 0.192154 0.600139 -0.148270 0.218056 -0.000092 0.067500 6.134969e-03
0.178759 -0.119110 0.876186 0.099957 0.125456 0.000049 0.067500 6.134969e-03
0.290260 0.465915 -0.363419 -0.366928 0.213979 -0.000165 0.067500 6.134969e-03
-0.799920 -0.449172 0.378852 0.362807 -0.654733 0.000594 0.067500 6.134969e-03
-0.460702 0.035013 -0.232134 -0.023416 -0.384534 0.000304 0.067500 6.134969e-03
-0.106931 -0.446510 -0.795537 0.360138 -0.102717 0.000272 0.067500 6.134969e-03
0.727583 -0.541483 0.064138 0.436245 0.562672 -0.000089 0.067500 6.134969e-03
-0.398768 -0.422935 -0.523657 0.341472 -0.335249 0.000401 0.067500 6.134969e-03
-0.772490 0.296371 0.103982 -0.231584 -0.632954 0.000377 0.067500 6.134969e-03
-0.482189 0.549519 0.138075 -0.433341 -0.401562 0.000171 0.067500 6.134969e-03
0.116452 -0.102776 -0.409089 0.086338 0.075437 0.000074 0.067500 6.134969e-03
0.448623 -0.054729 0.184712 0.048323 0.340357 -0.000094 0.067500 6.134969e-03
-0.706080 -0.304866 -0.129258 0.247542 -0.580077 0.000510 0.067500 6.134969e-03
-0.117726 0.369472 -0.380699 -0.290068 -0.111212 0.000053 0.067500 6.134969e-03
0.567498 0.859459 0.054909 -0.680413 0.435068 -0.000404 0.067500 6.134969e-03
-0.161054 0.640353 0.274659 -0.505674 -0.145566 -0.000004 0.067500 6.134969e-03
-0.646201 0.581243 0.371312 -0.458522 -0.532223 0.000238 0.067500 6.134969e-03
0.014376 0.042098 -0.772454 -0.029307 -0.006026 0.000083 0.067500 6.134969e-03
0.509436 -0.568827 -0.144908 0.457941 0.388739 0.000019 0.067500 6.134969e-03
0.373635 -0.624894 -0.564298 0.502431 0.280383 0.000097 0.067500 6.134969e-03
-0.133357 0.071420 -0.256011 -0.052442 -0.123632 0.000142 0.067500 6.134969e-03
0.822470 -0.207420 0.193237 0.170033 0.638338 -0.000226 0.067500 6.134969e-03
-0.189990 0.990665 0.133917 -0.784960 -0.168673 -0.000086 0.067500 6.134969e-03
0.126039 -0.752687 0.514484 0.604795 0.083337 0.000251 0.067500 6.134969e-03
-0.293691 -0.339490 -0.108941 0.275156 -0.251377 0.000329 0.067500 6.134969e-03
0.071911 0.560057 -0.602975 -0.442078 0.039876 -0.000088 0.067500 6.134969e-03
0.526526 -0.247729 -0.084261 0.202031 0.402377 -0.000078 0.067500 6.134969e-03
0.756046 0.321062 -0.567029 -0.251563 0.585182 -0.000343 0.067500 6.134969e-03
0.043810 -0.972833 -0.005523 0.780025 0.017652 0.000350 0.067500 6.134969e-03
-0.605901 0.074644 0.674097 -0.054582 -0.500016 0.000361 0.067500 6.134969e-03
0.660315 0.721788 0.289622 -0.570570 0.509113 -0.000410 0.067500 6.134969e-03
0.382441 0.628744 0.512033 -0.496306 0.287692 -0.000255 0.067500 6.134969e-03
-0.516116 0.075629 0.299106 -0.055541 -0.428553 0.000318 0.067500 6.134969e-03
-0.277648 -0.740357 0.224728 0.594833 -0.238496 0.000434 0.067500 6.134969e-03
-0.597049 -0.002793 -0.537228 0.006574 -0.493294 0.000377 0.067500 6.134969e-03
0.063262 -0.315903 -0.013571 0.256403 0.033153 0.000157 0.067500 6.134969e-03
0.234730 0.256824 -0.183809 -0.200185 0.169770 -0.000081 0.067500 6.134969e-03
0.238023 -0.397315 -0.822668 0.320914 0.172221 0.000098 0.067500 6.134969e-03
-0.695721 -0.093400 0.063706 0.079073 -0.571769 0.000448 0.067500 6.134969e-03
0.196186 0.024718 0.030132 -0.015077 0.139109 0.000001 0.067500 6.134969e-03
0.580747 -0.129225 -0.320503 0.107465 0.445528 -0.000136 0.067500 6.134969e-03
0.035767 -0.156480 0.292089 0.129471 0.011322 0.000125 0.067500 6.134969e-03
0.266635 0.226328 -0.657843 -0.176097 0.195070 -0.000086 0.067500 6.134969e-03
-0.446688 -0.698055 -0.390381 0.560828 -0.373403 0.000502 0.067500 6.134969e-03
0.270795 0.402634 0.369241 -0.316146 0.198667 -0.000139 0.067500 6.134969e-03
-0.116554 0.194440 0.447396 -0.150169 -0.110043 0.000099 0.067500 6.134969e-03
0.773671 -0.030905 -0.132850 0.029184 0.599352 -0.000253 0.067500 6.134969e-03
0.342024 0.797707 -0.299623 -0.631358 0.255253 -0.000280 0.067500 6.134969e-03
0.848350 -0.269069 -0.390040 0.218898 0.658805 -0.000222 0.067500 6.134969e-03
-0.136177 -0.689192 -0.059641 0.553921 -0.125820 0.000353 0.067500 6.134969e-03
-0.350487 -0.376737 0.591960 0.305172 -0.296456 0.000369 0.067500 6.134969e-03
0.755213 -0.688393 -0.222102 0.553208 0.584616 -0.000064 0.067500 6.134969e-03
0.335480 0.527814 -0.034719 -0.416114 0.250111 -0.000203 0.067500 6.134969e-03
-0.283571 -0.048616 0.089728 0.043397 -0.243261 0.000244 0.067500 6.134969e-03
-0.295423 -0.322572 0.200710 0.261816 -0.252672 0.000327 0.067500 6.134969e-03
-0.800073 0.214381 -0.358447 -0.166451 -0.655064 0.000410 0.067500 6.134969e-03
0.762034 0.449120 -0.120662 -0.353425 0.590078 -0.000381 0.067500 6.134969e-03
-0.167735 -0.365782 0.790549 0.296530 -0.150739 0.000279 0.067500 6.134969e-03
-0.765904 0.509375 -0.140686 -0.401479 -0.627773 0.000312 0.067500 6.134969e-03
-0.315465 0.132916 -0.702521 -0.101666 -0.268908 0.000211 0.067500 6.134969e-03
0.592907 -0.539154 0.405174 0.434545 0.455422 -0.000026 0.067500 6.134969e-03
-0.649005 0.769680 -0.059352 -0.608919 -0.534580 0.000188 0.067500 6.134969e-03
0.596165 0.334034 -0.336563 -0.261794 0.457811 -0.000271 0.067500 6.134969e-03
-0.198645 0.814039 -0.121683 -0.644296 -0.175641 -0.000033 0.067500 6.134969e-03
-0.094267 0.397200 0.659485 -0.311684 -0.092224 0.000034 0.067500 6.134969e-03
0.713975 0.147363 0.236845 -0.112735 0.551872 -0.000274 0.067500 6.134969e-03
0.536095 -0.093339 -0.684549 0.078689 0.409838 -0.000126 0.067500 6.134969e-03
0.940962 0.033973 0.144699 -0.022397 0.732769 -0.000349 0.067500 6.134969e-03
-0.355195 0.345203 0.332144 -0.270395 -0.300286 0.000169 0.067500 6.134969e-03
-0.031806 -0.409158 0.471019 0.330959 -0.042484 0.000227 0.067500 6.134969e-03
0.268786 -0.385715 0.717959 0.312388 0.197170 0.000082 0.067500 6.134969e-03
-0.600156 0.559081 -0.445870 -0.441234 -0.495750 0.000222 0.067500 6.134969e-03
-0.936560 0.025571 -0.163865 -0.015869 -0.763795 0.000526 0.067500 6.134969e-03
0.337911 0.811052 0.207192 -0.641760 0.252113 -0.000284 0.067500 6.134969e-03
0.614123 -0.141468 0.724242 0.117710 0.472422 -0.000146 0.067500 6.134969e-03
0.159228 0.663347 0.663996 -0.523814 0.109824 -0.000160 0.067500 6.134969e-03
0.169184 0.958333 -0.120894 -0.759305 0.117538 -0.000244 0.067500 6.134969e-03
-0.270797 0.596799 0.727466 -0.470747 -0.232910 0.000060 0.067500 6.134969e-03
0.523017 0.213021 0.771609 -0.164821 0.399816 -0.000204 0.067500 6.134969e-03
-0.129677 -0.505418 -0.428593 0.407264 -0.120746 0.000299 0.067500 6.134969e-03
-0.493742 -0.147227 0.480647 0.122179 -0.410667 0.000371 0.067500 6.134969e-03
-0.137743 0.187912 0.041378 -0.145157 -0.127046 0.000110 0.067500 6.134969e-03
0.275289 -0.138149 0.494882 0.114957 0.202289 0.000010 0.067500 6.134969e-03
-0.052284 0.648077 -0.306671 -0.512100 -0.059032 -0.000056 0.067500 6.134969e-03
0.408166 -0.515176 0.121700 0.415303 0.308096 0.000052 0.067500 6.134969e-03
0.093622 0.176608 0.873901 -0.135754 0.057594 0.000005 0.067500 6.134969e-03
0.312204 -0.733515 0.249227 0.589392 0.231646 0.000158 0.067500 6.134969e-03
-0.625228 -0.620631 0.204461 0.499396 -0.515535 0.000561 0.067500 6.134969e-03
0.009769 0.925759 0.374763 -0.733112 -0.009387 -0.000162 0.067500 6.134969e-03
0.343581 0.589115 -0.657851 -0.465263 0.256396 -0.000223 0.067500 6.134969e-03
-0.531475 -0.583678 0.459917 0.470059 -0.440742 0.000507 0.067500 6.134969e-03
0.335771 -0.908269 0.003792 0.728570 0.250360 0.000196 0.067500 6.134969e-03
-0.462909 -0.586312 -0.034979 0.471926 -0.386229 0.000477 0.067500 6.134969e-03
0.048224 -0.662918 -0.694154 0.532679 0.020977 0.000260 0.067500 6.134969e-03
0.948061 0.242830 -0.242137 -0.189053 0.738320 -0.000411 0.067500 6.134969e-03
0.248349 -0.482890 -0.204464 0.389415 0.180623 0.000117 0.067500 6.134969e-03
0.297320 -0.118889 -0.182790 0.099289 0.219660 -0.000006 0.067500 6.134969e-03
-0.155048 -0.227930 -0.582753 0.186013 -0.141011 0.000236 0.067500 6.134969e-03
0.130387 -0.925119 -0.362062 0.741830 0.086558 0.000295 0.067500 6.134969e-03
0.996002 -0.230065 -0.092737 0.187949 0.776574 -0.000302 0.067500 6.134969e-03
-0.946986 -0.185788 0.024145 0.152691 -0.772053 0.000590 0.067500 6.134969e-03
0.239455 -0.154639 -0.704101 0.127540 0.173395 0.000030 0.067500 6.134969e-03
-0.529728 0.331342 -0.194500 -0.259596 -0.439543 0.000253 0.067500 6.134969e-03
0.617201 0.069060 0.475559 -0.050210 0.474804 -0.000207 0.067500 6.134969e-03
-0.875452 0.126797 0.382273 -0.096295 -0.714940 0.000473 0.067500 6.134969e-03
-0.322719 -0.173408 -0.812756 0.142446 -0.274719 0.000300 0.067500 6.134969e-03
0.628531 0.803731 -0.205212 -0.636115 0.483643 -0.000416 0.067500 6.134969e-03
-0.631398 -0.295253 -0.603205 0.239661 -0.520688 0.000475 0.067500 6.134969e-03
-0.233545 -0.722323 0.584226 0.580625 -0.203246 0.000409 0.067500 6.134969e-03
0.074236 0.471735 0.077997 -0.371364 0.041917 -0.000066 0.067500 6.134969e-03
-0.380358 0.210488 0.607674 -0.162888 -0.320264 0.000217 0.067500 6.134969e-03
0.463523 0.313130 0.175986 -0.244893 0.352229 -0.000204 0.067500 6.134969e-03
0.613586 -0.504121 -0.602748 0.406151 0.471625 -0.000049 0.067500 6.134969e-03
-0.156334 0.357878 -0.667674 -0.280959 -0.142064 0.000074 0.067500 6.134969e-03
0.324197 0.454411 0.755499 -0.357235 0.241339 -0.000179 0.067500 6.134969e-03
-0.185089 -0.934948 -0.335772 0.749676 -0.164882 0.000446 0.067500 6.134969e-03
0.436588 -0.607470 0.619125 0.489097 0.330889 0.000066 0.067500 6.134969e-03
0.133808 -0.488536 0.204740 0.394106 0.089442 0.000172 0.067500 6.134969e-03
-0.736418 -0.491456 -0.395754 0.396149 -0.604331 0.000577 0.067500 6.134969e-03
0.049954 0.811341 -0.499312 -0.642319 0.022402 -0.000147 0.067500 6.134969e-03
0.994626 0.316796 0.103913 -0.247847 0.775531 -0.000453 0.067500 6.134969e-03
0.794484 0.305483 0.535387 -0.238630 0.616126 -0.000356 0.067500 6.134969e-03
0.761957 -0.361129 0.542216 0.292712 0.590202 -0.000154 0.067500 6.134969e-03
-0.516183 -0.213846 0.749931 0.175404 -0.428481 0.000399 0.067500 6.134969e-03
0.576485 0.627989 -0.486494 -0.496167 0.442082 -0.000343 0.067500 6.134969e-03
-0.343024 0.735304 -0.358141 -0.581652 -0.290781 0.000055 0.067500 6.134969e-03
0.410443 -0.330208 -0.485715 0.267584 0.309741 -0.000002 0.067500 6.134969e-03
0.535579 0.366978 0.448437 -0.287687 0.409738 -0.000253 0.067500 6.134969e-03
-0.176131 0.664386 -0.661951 -0.525263 -0.157843 -0.000002 0.067500 6.134969e-03
-0.035852 -0.870005 0.266135 0.698189 -0.045765 0.000358 0.067500 6.134969e-03
0.020503 -0.207795 -0.881372 0.169826 -0.001171 0.000147 0.067500 6.134969e-03
0.914011 -0.017214 0.418182 0.018530 0.711364 -0.000322 0.067500 6.134969e-03
0.534483 -0.249227 0.365240 0.203435 0.408843 -0.000080 0.067500 6.134969e-03
0.070308 0.304778 -0.826937 -0.238707 0.038539 -0.000017 0.067500 6.134969e-03
0.372117 0.132988 -0.407752 -0.101581 0.279213 -0.000111 0.067500 6.134969e-03
-0.787747 -0.158514 0.463069 0.131164 -0.645010 0.000510 0.067500 6.134969e-03
-0.285056 0.556907 -0.063226 -0.439322 -0.244493 0.000077 0.067500 6.134969e-03
0.384291 -0.863496 -0.256318 0.692761 0.288962 0.000160 0.067500 6.134969e-03
0.609320 -0.850830 0.037232 0.682803 0.468404 0.000052 0.067500 6.134969e-03
0.024270 -0.616212 0.727862 0.496115 0.002281 0.000260 0.067500 6.134969e-03
-0.342025 0.196853 -0.435778 -0.152507 -0.290002 0.000205 0.067500 6.134969e-03
-0.484107 -0.876107 0.089500 0.702976 -0.403088 0.000568 0.067500 6.134969e-03
-0.833541 -0.099526 -0.439981 0.083719 -0.681760 0.000512 0.067500 6.134969e-03
-0.358134 0.827120 0.306289 -0.654525 -0.302641 0.000036 0.067500 6.134969e-03
0.578344 0.187133 -0.111921 -0.144598 0.443668 -0.000222 0.067500 6.134969e-03
0.808187 0.049860 -0.481357 -0.035354 0.626766 -0.000292 0.067500 6.134969e-03
-0.761929 -0.650143 -0.087443 0.522782 -0.624576 0.000634 0.067500 6.134969e-03
0.124483 0.655301 0.279290 -0.517584 0.082021 -0.000141 0.067500 6.134969e-03
0.138915 -0.395971 -0.471426 0.320008 0.093324 0.000143 0.067500 6.134969e-03
0.845739 0.489405 0.328490 -0.385326 0.656921 -0.000432 0.067500 6.134969e-03
-0.035914 -0.300749 -0.279288 0.244199 -0.045970 0.000199 0.067500 6.134969e-03
-0.068069 -0.092581 0.554418 0.078659 -0.071368 0.000155 0.067500 6.134969e-03
-0.682866 0.328819 0.489977 -0.257265 -0.561413 0.000327 0.067500 6.134969e-03
-0.681575 0.121026 -0.103998 -0.091919 -0.560544 0.000382 0.067500 6.134969e-03
-0.500646 0.271342 0.071240 -0.211648 -0.416288 0.000256 0.067500 6.134969e-03
0.260111 -0.486136 0.447356 0.392305 0.190181 0.000114 0.067500 6.134969e-03
0.024045 0.833320 0.084652 -0.659568 0.001910 -0.000143 0.067500 6.134969e-03
-0.573969 0.290066 -0.579798 -0.226873 -0.474913 0.000286 0.067500 6.134969e-03
0.529051 0.345548 -0.733876 -0.271157 0.404208 -0.000243 0.067500 6.134969e-03
-2.847818 -0.847313 -0.085965 0.166438 -0.553722 -0.009457 0.035000 5.000000e-04
-3.053368 -0.680893 0.051491 0.135806 -0.594254 -0.006192 0.035000 5.000000e-04
-2.967022 -0.729937 0.173636 0.145752 -0.579502 -0.007300 0.035000 5.000000e-04
-3.003828 -0.764944 -0.087405 0.150884 -0.583147 -0.007535 0.035000 5.000000e-04
-2.837888 -0.677228 0.062973 0.135178 -0.553730 -0.007362 0.035000 5.000000e-04
-3.106367 -0.864628 -0.033904 0.170000 -0.603175 -0.008217 0.035000 5.000000e-04
-2.926827 -0.651622 -0.125987 0.129278 -0.568127 -0.006538 0.035000 5.000000e-04
-2.783874 -0.910210 0.088144 0.179291 -0.543854 -0.010612 0.035000 5.000000e-04
-2.889235 -0.975549 -0.019892 0.191013 -0.562373 -0.010844 0.035000 5.000000e-04
-3.062322 -0.862106 0.115044 0.170366 -0.596746 -0.008433 0.035000 5.000000e-04
-2.709835 -0.784296 0.050294 0.155314 -0.529402 -0.009438 0.035000 5.000000e-04
-2.773056 -0.578274 -0.063672 0.115786 -0.539894 -0.006478 0.035000 5.000000e-04
-2.706367 -0.780870 -0.103697 0.153796 -0.526801 -0.009415 0.035000 5.000000e-04
-2.703569 -0.635689 0.128169 0.127707 -0.529205 -0.007595 0.035000 5.000000e-04
-2.796499 -0.739340 0.182910 0.147579 -0.547436 -0.008380 0.035000 5.000000e-04
-3.000396 -0.925860 -0.113309 0.181108 -0.582171 -0.009590 0.035000 5.000000e-04
-2.637211 -0.680538 -0.031988 0.135266 -0.514656 -0.008537 0.035000 5.000000e-04
-2.720522 -0.908881 -0.039537 0.178319 -0.530283 -0.010953 0.035000 5.000000e-04
-2.885713 -0.809484 0.066015 0.160156 -0.562795 -0.008764 0.035000 5.000000e-04
-2.935695 -0.574083 0.021006 0.115474 -0.571660 -0.005507 0.035000 5.000000e-04
