# t x y z vx vy vz omx omy omz llx lly llz Ixx Iyy Izz Ixy Iyz Ixz KErot PEspr PEgrav Etot dEdtnow
0.000 -0.02970 -0.00000 -0.00000 0.00000 -0.00574 0.00000 -3.7879e-18 -9.6191e-18 8.0000e-01 -2.1359e-17 1.5179e-18 3.8788e-01 0.44079 0.45536 0.48485 -0.00000 0.00000 -0.00000 1.55151e-01 5.59294e-31 -5.3486553992e-01 -3.7971463234e-01 7.2075000075e-33 
10.002 0.01091 -0.02734 -0.00000 0.00538 0.00217 0.00000 1.7657e-05 1.0737e-04 7.9704e-01 2.4897e-06 2.0899e-06 3.8788e-01 0.45144 0.43703 0.48665 0.00173 -0.00006 -0.00001 1.54577e-01 9.41020e-04 -5.3617170290e-01 -3.8065319851e-01 7.5335256546e-07 
20.000 0.02072 0.02084 0.00000 -0.00410 0.00411 0.00000 -1.5111e-04 -7.1333e-05 7.9699e-01 -1.0341e-06 3.0148e-06 3.8787e-01 0.43759 0.45087 0.48667 -0.00331 0.00004 0.00008 1.54566e-01 9.50622e-04 -5.3617284337e-01 -3.8065651747e-01 2.2712476010e-09 
30.000 -0.02740 0.01140 0.00000 -0.00223 -0.00530 -0.00000 1.3847e-04 -5.5811e-05 7.9699e-01 -7.3110e-09 2.6024e-07 3.8787e-01 0.44992 0.43853 0.48667 0.00475 0.00003 -0.00008 1.54564e-01 9.49889e-04 -5.3617305569e-01 -3.8065962903e-01 3.1175104633e-10 
40.002 -0.00065 -0.02950 -0.00000 0.00579 -0.00009 0.00000 -6.1000e-05 1.2534e-04 7.9698e-01 1.3222e-06 1.7413e-06 3.8787e-01 0.43979 0.44866 0.48667 -0.00594 -0.00007 0.00004 1.54561e-01 9.49951e-04 -5.3617319393e-01 -3.8066241422e-01 2.5516334401e-10 
50.002 0.02721 0.01100 0.00000 -0.00217 0.00540 0.00000 -3.4180e-05 -1.4376e-04 7.9697e-01 1.3820e-07 1.5673e-06 3.8786e-01 0.44718 0.44127 0.48667 0.00680 0.00008 0.00002 1.54559e-01 9.49959e-04 -5.3617331496e-01 -3.8066484369e-01 3.0051572932e-10 
60.002 -0.02084 0.02103 0.00000 -0.00412 -0.00404 -0.00000 1.5313e-04 8.0061e-05 7.9697e-01 1.1257e-06 1.8300e-06 3.8786e-01 0.44291 0.44554 0.48667 -0.00729 -0.00004 -0.00008 1.54558e-01 9.49888e-04 -5.3617335838e-01 -3.8066502917e-01 2.4320054366e-10 
70.002 -0.01209 -0.02702 -0.00000 0.00528 -0.00232 -0.00000 -1.5111e-04 8.0161e-05 7.9698e-01 -7.0521e-07 2.3266e-06 3.8786e-01 0.44383 0.44462 0.48667 0.00740 -0.00004 0.00008 1.54560e-01 9.49827e-04 -5.3617332425e-01 -3.8066370057e-01 2.9641526234e-10 
80.000 0.02933 -0.00062 -0.00000 0.00012 0.00582 -0.00000 3.7396e-05 -1.4546e-04 7.9699e-01 4.1350e-07 -6.7663e-07 3.8787e-01 0.44629 0.44217 0.48667 -0.00712 0.00008 -0.00002 1.54563e-01 9.49801e-04 -5.3617321309e-01 -3.8066082367e-01 2.9941281407e-10 
90.000 -0.01101 0.02741 0.00000 -0.00537 -0.00213 -0.00000 6.5359e-05 1.2932e-04 7.9699e-01 2.4983e-06 2.4643e-06 3.8787e-01 0.44058 0.44787 0.48667 0.00646 -0.00007 -0.00003 1.54566e-01 9.49754e-04 -5.3617307799e-01 -3.8065749748e-01 2.6489075644e-10 
100.000 -0.02164 -0.02030 -0.00000 0.00395 -0.00418 -0.00000 -1.4186e-04 -5.3586e-05 7.9700e-01 -5.6534e-07 2.4664e-06 3.8788e-01 0.44926 0.43919 0.48667 -0.00545 0.00003 0.00008 1.54568e-01 9.49750e-04 -5.3617295862e-01 -3.8065519192e-01 3.2416155834e-10 
110.000 0.02672 -0.01215 0.00000 0.00239 0.00530 0.00000 1.5140e-04 -7.5689e-05 7.9700e-01 8.9579e-07 1.4640e-06 3.8788e-01 0.43807 0.45038 0.48667 0.00415 0.00004 -0.00008 1.54570e-01 9.49845e-04 -5.3617287378e-01 -3.8065348101e-01 2.6246403199e-10 
120.000 0.00055 0.02948 0.00000 -0.00579 0.00014 0.00000 -2.7844e-05 1.6724e-04 7.9700e-01 -1.0216e-06 1.7771e-06 3.8788e-01 0.45117 0.43728 0.48667 -0.00262 -0.00009 0.00002 1.54569e-01 9.49901e-04 -5.3617287254e-01 -3.8065360425e-01 3.0681099125e-10 
130.000 -0.02780 -0.01043 -0.00000 0.00202 -0.00538 0.00000 -8.9225e-05 -1.1537e-04 7.9700e-01 1.5090e-06 -8.2913e-07 3.8787e-01 0.43687 0.45159 0.48667 0.00095 0.00006 0.00005 1.54568e-01 9.49928e-04 -5.3617295826e-01 -3.8065537699e-01 2.9994594351e-10 
140.000 0.01983 -0.02172 -0.00000 0.00427 0.00394 0.00000 1.4141e-04 3.4761e-05 7.9699e-01 2.6939e-06 3.6055e-06 3.8787e-01 0.45161 0.43685 0.48667 0.00076 -0.00001 -0.00008 1.54565e-01 9.49972e-04 -5.3617310036e-01 -3.8065819924e-01 2.5790974931e-10 
150.000 0.01200 0.02685 0.00000 -0.00529 0.00240 0.00000 -1.3527e-04 8.3935e-05 7.9698e-01 -1.2605e-06 1.9792e-06 3.8787e-01 0.43722 0.45123 0.48667 -0.00244 -0.00005 0.00007 1.54561e-01 9.49922e-04 -5.3617326528e-01 -3.8066198925e-01 2.9592288313e-10 
160.000 -0.02965 0.00108 -0.00000 -0.00022 -0.00575 -0.00000 2.5401e-05 -1.6675e-04 7.9698e-01 1.1187e-06 9.6245e-07 3.8786e-01 0.45048 0.43797 0.48667 0.00398 0.00009 -0.00001 1.54559e-01 9.49820e-04 -5.3617336467e-01 -3.8066424195e-01 2.3533447515e-10 
170.000 0.00977 -0.02782 -0.00000 0.00545 0.00196 0.00000 1.1699e-04 1.1873e-04 7.9698e-01 -2.3076e-07 1.6535e-06 3.8786e-01 0.43905 0.44940 0.48667 -0.00530 -0.00006 -0.00006 1.54558e-01 9.49749e-04 -5.3617337363e-01 -3.8066512913e-01 2.8883907382e-10 
180.000 0.02154 0.01994 0.00000 -0.00394 0.00428 -0.00000 -1.3979e-04 6.2874e-06 7.9698e-01 2.2242e-06 -3.6452e-07 3.8786e-01 0.44805 0.44040 0.48667 0.00635 -0.00000 0.00008 1.54559e-01 9.49695e-04 -5.3617329078e-01 -3.8066423635e-01 2.8239863303e-10 
190.000 -0.02690 0.01244 -0.00000 -0.00243 -0.00523 -0.00000 1.0737e-04 -8.4010e-05 7.9698e-01 1.9682e-06 4.0521e-06 3.8787e-01 0.44196 0.44649 0.48667 -0.00706 0.00005 -0.00006 1.54562e-01 9.49653e-04 -5.3617315846e-01 -3.8066196298e-01 2.5689796746e-10 
200.000 -0.00183 -0.02952 -0.00000 0.00576 -0.00032 -0.00000 -1.7702e-05 1.5858e-04 7.9699e-01 -1.7361e-06 1.4275e-06 3.8787e-01 0.44481 0.44365 0.48667 0.00739 -0.00009 0.00001 1.54564e-01 9.49706e-04 -5.3617302369e-01 -3.8065952241e-01 3.2165634235e-10 
210.000 0.02763 0.00981 0.00000 -0.00195 0.00549 -0.00000 -1.2026e-04 -1.1699e-04 7.9699e-01 1.7771e-06 3.3629e-07 3.8787e-01 0.44536 0.44309 0.48667 -0.00733 0.00006 0.00007 1.54567e-01 9.49853e-04 -5.3617291003e-01 -3.8065650318e-01 2.6514392151e-10 
220.000 -0.01997 0.02185 0.00000 -0.00427 -0.00387 -0.00000 1.6205e-04 -2.4334e-05 7.9700e-01 3.8106e-07 1.6021e-06 3.8788e-01 0.44144 0.44702 0.48667 0.00688 0.00001 -0.00009 1.54569e-01 9.49953e-04 -5.3617286743e-01 -3.8065429834e-01 3.1558430927e-10 
230.000 -0.01314 -0.02657 -0.00000 0.00517 -0.00253 0.00000 -7.5356e-05 1.2059e-04 7.9700e-01 1.9604e-06 5.2437e-07 3.8788e-01 0.44853 0.43993 0.48667 -0.00605 -0.00007 0.00005 1.54569e-01 9.50043e-04 -5.3617291292e-01 -3.8065352968e-01 3.1131131987e-10 
240.000 0.02927 -0.00191 0.00000 0.00037 0.00581 0.00000 -1.0131e-05 -1.3143e-04 7.9700e-01 1.2224e-06 3.4612e-06 3.8788e-01 0.43865 0.44980 0.48667 0.00490 0.00008 0.00001 1.54569e-01 9.50116e-04 -5.3617303033e-01 -3.8065421955e-01 2.8189201085e-10 
250.000 -0.00992 0.02781 0.00000 -0.00546 -0.00190 -0.00000 1.1728e-04 1.0533e-04 7.9699e-01 -6.2104e-07 8.3207e-07 3.8787e-01 0.45078 0.43768 0.48667 -0.00348 -0.00006 -0.00007 1.54566e-01 9.50048e-04 -5.3617319164e-01 -3.8065693376e-01 3.1485202138e-10 
260.000 -0.02240 -0.01945 -0.00000 0.00378 -0.00434 0.00000 -1.6390e-04 3.3313e-05 7.9699e-01 1.8729e-06 6.2469e-07 3.8787e-01 0.43705 0.45140 0.48667 0.00189 -0.00002 0.00009 1.54564e-01 9.49938e-04 -5.3617331040e-01 -3.8065979990e-01 2.4943572665e-10 
270.000 0.02619 -0.01332 -0.00000 0.00261 0.00519 0.00000 7.3999e-05 -1.4086e-04 7.9698e-01 1.0716e-06 2.2440e-06 3.8787e-01 0.45164 0.43682 0.48667 -0.00019 0.00008 -0.00004 1.54561e-01 9.49844e-04 -5.3617336145e-01 -3.8066280394e-01 3.0334572238e-10 
280.000 0.00171 0.02938 0.00000 -0.00579 0.00038 -0.00000 4.9949e-05 1.3647e-04 7.9698e-01 8.7002e-07 1.0661e-06 3.8786e-01 0.43697 0.45148 0.48667 -0.00152 -0.00008 -0.00003 1.54559e-01 9.49714e-04 -5.3617332503e-01 -3.8066497658e-01 2.7107339035e-10 
290.000 -0.02819 -0.00932 -0.00000 0.00181 -0.00546 -0.00000 -1.1755e-04 -6.9267e-05 7.9698e-01 1.1779e-06 1.8870e-06 3.8786e-01 0.45094 0.43751 0.48667 0.00314 0.00004 0.00007 1.54559e-01 9.49627e-04 -5.3617321165e-01 -3.8066496704e-01 2.5186626412e-10 
300.002 0.01891 -0.02258 -0.00000 0.00442 0.00375 -0.00000 1.5478e-04 -3.4455e-05 7.9698e-01 -9.6538e-08 7.5131e-07 3.8786e-01 0.43843 0.45003 0.48667 -0.00462 0.00002 -0.00009 1.54560e-01 9.49668e-04 -5.3617307662e-01 -3.8066361978e-01 3.1597289490e-10 
310.002 0.01308 0.02627 0.00000 -0.00520 0.00261 -0.00000 -6.5346e-05 1.5569e-04 7.9699e-01 2.7531e-06 4.0402e-07 3.8787e-01 0.44882 0.43964 0.48667 0.00583 -0.00008 0.00004 1.54563e-01 9.49778e-04 -5.3617296124e-01 -3.8066043010e-01 2.5190037588e-10 
320.002 -0.02961 0.00223 -0.00000 -0.00044 -0.00573 -0.00000 -7.2400e-05 -1.3477e-04 7.9699e-01 1.1042e-06 3.1996e-06 3.8787e-01 0.44110 0.44736 0.48667 -0.00673 0.00008 0.00004 1.54566e-01 9.49869e-04 -5.3617292716e-01 -3.8065739106e-01 3.0201706429e-10 
330.002 0.00861 -0.02825 -0.00000 0.00552 0.00172 0.00000 1.3455e-04 4.3081e-05 7.9700e-01 3.3863e-08 7.0798e-07 3.8788e-01 0.44573 0.44273 0.48667 0.00727 -0.00002 -0.00008 1.54568e-01 9.50005e-04 -5.3617295880e-01 -3.8065503480e-01 2.9857466204e-10 
340.002 0.02237 0.01894 0.00000 -0.00376 0.00445 0.00000 -1.2935e-04 5.5761e-05 7.9700e-01 1.1496e-06 1.8414e-06 3.8788e-01 0.44444 0.44401 0.48667 -0.00742 -0.00003 0.00007 1.54570e-01 9.50103e-04 -5.3617302849e-01 -3.8065339350e-01 2.8820033449e-10 
350.002 -0.02644 0.01342 -0.00000 -0.00264 -0.00512 -0.00000 6.3123e-05 -1.4876e-04 7.9700e-01 6.3192e-08 -1.6653e-07 3.8788e-01 0.44231 0.44614 0.48667 0.00717 0.00008 -0.00003 1.54569e-01 9.50041e-04 -5.3617312534e-01 -3.8065385067e-01 3.0804206894e-10 
360.002 -0.00306 -0.02946 -0.00000 0.00574 -0.00057 0.00000 9.2749e-05 1.5029e-04 7.9700e-01 3.7462e-06 8.5645e-07 3.8787e-01 0.44774 0.44071 0.48667 -0.00654 -0.00008 -0.00005 1.54568e-01 9.49949e-04 -5.3617320059e-01 -3.8065546143e-01 2.4498772730e-10 
370.002 0.02804 0.00852 0.00000 -0.00170 0.00557 0.00000 -1.5704e-04 -1.3806e-05 7.9699e-01 1.9849e-07 3.8576e-06 3.8787e-01 0.43931 0.44915 0.48667 0.00555 0.00001 0.00009 1.54565e-01 9.49833e-04 -5.3617324734e-01 -3.8065860663e-01 3.1053320764e-10 
380.002 -0.01911 0.02253 -0.00000 -0.00444 -0.00370 0.00000 1.1274e-04 -8.3135e-05 7.9698e-01 1.3636e-07 -3.9813e-08 3.8787e-01 0.45029 0.43817 0.48667 -0.00427 0.00005 -0.00006 1.54561e-01 9.49661e-04 -5.3617325510e-01 -3.8066226804e-01 2.5214450744e-10 
390.002 -0.01424 -0.02605 -0.00000 0.00506 -0.00274 0.00000 -3.3274e-05 1.4040e-04 7.9698e-01 1.5715e-06 1.4927e-06 3.8786e-01 0.43735 0.45111 0.48667 0.00277 -0.00008 0.00002 1.54559e-01 9.49570e-04 -5.3617319996e-01 -3.8066429186e-01 2.5331681494e-10 
400.002 0.02917 -0.00327 0.00000 0.00062 0.00579 -0.00000 -8.2454e-05 -1.3904e-04 7.9697e-01 5.6945e-07 -1.4138e-07 3.8786e-01 0.45156 0.43690 0.48667 -0.00111 0.00008 0.00005 1.54558e-01 9.49607e-04 -5.3617312376e-01 -3.8066525737e-01 3.0370164695e-10 
410.002 -0.00875 0.02810 0.00000 -0.00556 -0.00169 -0.00000 1.7765e-04 2.1472e-05 7.9698e-01 3.8274e-06 1.8168e-06 3.8786e-01 0.43684 0.45162 0.48667 -0.00060 -0.00001 -0.00009 1.54559e-01 9.49693e-04 -5.3617305114e-01 -3.8066402476e-01 2.3975238927e-10 
420.002 -0.02319 -0.01862 -0.00000 0.00360 -0.00447 -0.00000 -1.1062e-04 1.2050e-04 7.9698e-01 -6.0634e-07 3.5304e-06 3.8787e-01 0.45128 0.43717 0.48667 0.00228 -0.00006 0.00006 1.54561e-01 9.49797e-04 -5.3617302831e-01 -3.8066185479e-01 2.9026511651e-10 
430.002 0.02558 -0.01455 0.00000 0.00283 0.00507 -0.00000 9.2339e-07 -1.4183e-04 7.9699e-01 9.3610e-08 -1.2080e-06 3.8787e-01 0.43788 0.45057 0.48667 -0.00384 0.00008 -0.00000 1.54564e-01 9.49975e-04 -5.3617304820e-01 -3.8065934177e-01 2.7856709850e-10 
440.002 0.00304 0.02919 0.00000 -0.00578 0.00062 -0.00000 9.4730e-05 1.1493e-04 7.9699e-01 2.4460e-06 1.4118e-06 3.8787e-01 0.44953 0.43893 0.48667 0.00520 -0.00006 -0.00005 1.54567e-01 9.50099e-04 -5.3617307985e-01 -3.8065622288e-01 3.0632158563e-10 
450.002 -0.02854 -0.00831 -0.00000 0.00159 -0.00552 -0.00000 -1.6049e-04 -1.1707e-05 7.9700e-01 1.0011e-06 6.7028e-07 3.8788e-01 0.44026 0.44819 0.48667 -0.00628 0.00001 0.00009 1.54569e-01 9.50081e-04 -5.3617312036e-01 -3.8065428923e-01 3.0987371064e-10 
460.002 0.01789 -0.02348 -0.00000 0.00457 0.00354 0.00000 1.1802e-04 -1.2318e-04 7.9700e-01 2.6854e-06 1.8916e-06 3.8788e-01 0.44664 0.44181 0.48667 0.00702 0.00007 -0.00006 1.54570e-01 9.50046e-04 -5.3617314123e-01 -3.8065346646e-01 2.5785812146e-10 
470.002 0.01433 0.02557 0.00000 -0.00507 0.00286 0.00000 2.5222e-05 1.5776e-04 7.9700e-01 -6.3036e-07 2.3239e-06 3.8788e-01 0.44350 0.44496 0.48667 -0.00739 -0.00008 -0.00001 1.54569e-01 9.49950e-04 -5.3617315292e-01 -3.8065443523e-01 3.3669473045e-10 
480.002 -0.02945 0.00330 -0.00000 -0.00068 -0.00572 0.00000 -1.0805e-04 -8.5418e-05 7.9699e-01 1.0843e-06 -7.1169e-07 3.8787e-01 0.44324 0.44521 0.48667 0.00735 0.00005 0.00006 1.54566e-01 9.49783e-04 -5.3617315635e-01 -3.8065720757e-01 2.5771344766e-10 
490.002 0.00740 -0.02869 -0.00000 0.00557 0.00147 0.00000 1.5069e-04 -1.9415e-06 7.9699e-01 2.6876e-06 1.6791e-06 3.8787e-01 0.44688 0.44158 0.48667 -0.00693 0.00000 -0.00008 1.54563e-01 9.49704e-04 -5.3617312864e-01 -3.8065993756e-01 2.8113997807e-10 
500.002 0.02328 0.01779 0.00000 -0.00354 0.00463 0.00000 -1.0525e-04 1.2927e-04 7.9698e-01 4.7771e-07 1.7670e-06 3.8787e-01 0.44006 0.44839 0.48667 0.00613 -0.00007 0.00006 1.54560e-01 9.49715e-04 -5.3617311228e-01 -3.8066314512e-01 3.0417691119e-10 
510.002 -0.02575 0.01445 -0.00000 -0.00287 -0.00503 -0.00000 -3.5322e-05 -1.6320e-04 7.9697e-01 1.4061e-06 6.7584e-07 3.8786e-01 0.44969 0.43877 0.48667 -0.00501 0.00009 0.00002 1.54558e-01 9.49731e-04 -5.3617310033e-01 -3.8066499602e-01 2.4430373625e-10 
520.002 -0.00422 -0.02941 -0.00000 0.00569 -0.00080 0.00000 1.3920e-04 7.0239e-05 7.9697e-01 9.4163e-07 1.4215e-06 3.8786e-01 0.43776 0.45069 0.48667 0.00363 -0.00004 -0.00008 1.54558e-01 9.49799e-04 -5.3617310493e-01 -3.8066495072e-01 2.8458255358e-10 
530.002 0.02846 0.00712 0.00000 -0.00144 0.00564 -0.00000 -1.2899e-04 3.6723e-05 7.9698e-01 1.5019e-06 -2.9757e-07 3.8786e-01 0.45135 0.43710 0.48667 -0.00205 -0.00002 0.00008 1.54560e-01 9.49937e-04 -5.3617312650e-01 -3.8066346204e-01 2.5336033060e-10 
540.002 -0.01798 0.02332 -0.00000 -0.00461 -0.00352 -0.00000 8.9384e-05 -1.1563e-04 7.9699e-01 3.0031e-06 2.3648e-06 3.8787e-01 0.43682 0.45163 0.48667 0.00036 0.00007 -0.00005 1.54563e-01 9.50004e-04 -5.3617315121e-01 -3.8066016187e-01 3.0778882780e-10 
550.002 -0.01519 -0.02555 -0.00000 0.00494 -0.00294 -0.00000 3.8481e-05 1.6514e-04 7.9699e-01 -5.2036e-07 1.9301e-06 3.8787e-01 0.45152 0.43693 0.48667 0.00136 -0.00009 -0.00002 1.54566e-01 9.49988e-04 -5.3617318165e-01 -3.8065727457e-01 2.8844651547e-10 
560.002 0.02905 -0.00469 0.00000 0.00088 0.00573 0.00000 -1.5282e-04 -6.5658e-05 7.9700e-01 1.5117e-06 -2.9625e-07 3.8788e-01 0.43744 0.45102 0.48667 -0.00300 0.00004 0.00009 1.54568e-01 9.49984e-04 -5.3617317255e-01 -3.8065486340e-01 2.6426479388e-10 
570.002 -0.00735 0.02845 0.00000 -0.00563 -0.00143 -0.00000 1.3636e-04 -6.8071e-05 7.9700e-01 1.0690e-06 1.3603e-06 3.8788e-01 0.45015 0.43831 0.48667 0.00448 0.00004 -0.00008 1.54570e-01 9.49910e-04 -5.3617312197e-01 -3.8065341703e-01 3.3211586581e-10 
580.002 -0.02382 -0.01770 -0.00000 0.00342 -0.00463 0.00000 -4.4049e-05 1.2723e-04 7.9700e-01 2.1763e-06 -4.4075e-07 3.8788e-01 0.43950 0.44896 0.48667 -0.00572 -0.00007 0.00003 1.54569e-01 9.49781e-04 -5.3617305950e-01 -3.8065395306e-01 2.4764762139e-10 
590.002 0.02500 -0.01571 0.00000 0.00304 0.00491 0.00000 -4.2935e-05 -1.3277e-04 7.9700e-01 2.7692e-06 3.0775e-06 3.8787e-01 0.44751 0.44094 0.48667 0.00665 0.00008 0.00003 1.54568e-01 9.49730e-04 -5.3617300076e-01 -3.8065560011e-01 2.9410126259e-10 
600.002 0.00447 0.02899 0.00000 -0.00575 0.00091 0.00000 1.5195e-04 6.4058e-05 7.9699e-01 -1.0311e-06 1.1120e-06 3.8787e-01 0.44256 0.44589 0.48667 -0.00723 -0.00003 -0.00009 1.54564e-01 9.49714e-04 -5.3617299992e-01 -3.8065903846e-01 2.8653764650e-10 
610.002 -0.02876 -0.00709 -0.00000 0.00135 -0.00561 0.00000 -1.3794e-04 8.6897e-05 7.9698e-01 2.2004e-06 -3.5322e-07 3.8787e-01 0.44419 0.44426 0.48667 0.00741 -0.00005 0.00008 1.54561e-01 9.49705e-04 -5.3617304866e-01 -3.8066240061e-01 2.5328028189e-10 
620.002 0.01700 -0.02424 -0.00000 0.00471 0.00333 0.00000 2.5240e-05 -1.4501e-04 7.9698e-01 1.2826e-06 1.4449e-06 3.8786e-01 0.44596 0.44249 0.48667 -0.00721 0.00008 -0.00001 1.54559e-01 9.49768e-04 -5.3617312246e-01 -3.8066450459e-01 2.8334289514e-10 
630.002 0.01557 0.02484 0.00000 -0.00494 0.00309 -0.00000 7.8060e-05 1.1573e-04 7.9697e-01 2.3798e-06 -2.0733e-07 3.8786e-01 0.44088 0.44757 0.48667 0.00661 -0.00007 -0.00004 1.54558e-01 9.49870e-04 -5.3617320319e-01 -3.8066527993e-01 2.3275578032e-10 
640.002 -0.02920 0.00464 -0.00000 -0.00093 -0.00570 -0.00000 -1.3853e-04 -3.6929e-05 7.9698e-01 2.1378e-06 3.2711e-06 3.8786e-01 0.44900 0.43945 0.48667 -0.00567 0.00002 0.00008 1.54559e-01 9.49900e-04 -5.3617325848e-01 -3.8066387878e-01 3.0161053916e-10 
650.002 0.00631 -0.02897 -0.00000 0.00562 0.00125 -0.00000 1.3831e-04 -8.9404e-05 7.9698e-01 -1.1285e-06 3.3899e-07 3.8787e-01 0.43828 0.45017 0.48667 0.00443 0.00005 -0.00008 1.54562e-01 9.49905e-04 -5.3617328166e-01 -3.8066178262e-01 2.6559652572e-10 
660.002 0.02415 0.01669 0.00000 -0.00333 0.00477 -0.00000 -5.2813e-06 1.6373e-04 7.9699e-01 2.9859e-06 -9.0065e-07 3.8787e-01 0.45104 0.43742 0.48667 -0.00294 -0.00009 0.00001 1.54564e-01 9.49927e-04 -5.3617324388e-01 -3.8065908273e-01 2.8120523293e-10 
670.002 -0.02504 0.01561 -0.00000 -0.00309 -0.00489 -0.00000 -1.0102e-04 -1.0070e-04 7.9700e-01 1.6297e-06 1.7624e-06 3.8787e-01 0.43692 0.45153 0.48667 0.00130 0.00006 0.00006 1.54567e-01 9.49883e-04 -5.3617314532e-01 -3.8065609679e-01 3.2652320248e-10 
680.002 -0.00539 -0.02918 -0.00000 0.00566 -0.00103 0.00000 1.4088e-04 1.2073e-05 7.9700e-01 2.0912e-06 2.5906e-07 3.8788e-01 0.45164 0.43682 0.48667 0.00041 -0.00001 -0.00008 1.54569e-01 9.49832e-04 -5.3617302627e-01 -3.8065425401e-01 2.5762677251e-10 
690.002 0.02883 0.00586 0.00000 -0.00118 0.00568 0.00000 -1.1839e-04 9.5588e-05 7.9700e-01 1.5161e-06 2.6148e-06 3.8788e-01 0.43711 0.45135 0.48667 -0.00211 -0.00005 0.00007 1.54570e-01 9.49846e-04 -5.3617292352e-01 -3.8065342397e-01 3.1767471763e-10 
700.002 -0.01688 0.02410 -0.00000 -0.00477 -0.00330 0.00000 8.0478e-06 -1.6870e-04 7.9700e-01 -4.0166e-07 -3.4792e-07 3.8788e-01 0.45067 0.43779 0.48667 0.00369 0.00009 -0.00000 1.54568e-01 9.49848e-04 -5.3617290637e-01 -3.8065474561e-01 2.8219183237e-10 
710.002 -0.01625 -0.02484 -0.00000 0.00481 -0.00315 0.00000 1.3373e-04 1.0465e-04 7.9699e-01 3.0816e-06 -2.6760e-07 3.8787e-01 0.43881 0.44964 0.48667 -0.00507 -0.00006 -0.00007 1.54566e-01 9.49855e-04 -5.3617296537e-01 -3.8065729777e-01 2.8557173105e-10 
720.002 0.02888 -0.00590 0.00000 0.00114 0.00568 0.00000 -1.4060e-04 2.6489e-05 7.9699e-01 1.6875e-06 2.0431e-06 3.8787e-01 0.44833 0.44012 0.48667 0.00618 -0.00001 0.00008 1.54563e-01 9.49925e-04 -5.3617307917e-01 -3.8066024222e-01 3.0147134253e-10 
730.002 -0.00601 0.02873 0.00000 -0.00570 -0.00117 -0.00000 9.2892e-05 -1.0149e-04 7.9698e-01 9.3496e-07 3.2153e-07 3.8786e-01 0.44165 0.44680 0.48667 -0.00695 0.00006 -0.00005 1.54560e-01 9.49964e-04 -5.3617322106e-01 -3.8066341534e-01 2.3916672409e-10 
740.002 -0.02456 -0.01664 -0.00000 0.00321 -0.00478 0.00000 4.2780e-06 1.5438e-04 7.9697e-01 1.7838e-06 8.5445e-07 3.8786e-01 0.44514 0.44331 0.48667 0.00736 -0.00008 -0.00000 1.54558e-01 9.49918e-04 -5.3617332255e-01 -3.8066496561e-01 2.9521087339e-10 
750.002 0.02432 -0.01675 0.00000 0.00326 0.00478 0.00000 -1.2954e-04 -1.0579e-04 7.9697e-01 9.3223e-07 1.3690e-07 3.8786e-01 0.44502 0.44343 0.48667 -0.00737 0.00006 0.00007 1.54558e-01 9.49888e-04 -5.3617335701e-01 -3.8066504665e-01 2.4331914295e-10 
760.002 0.00583 0.02875 -0.00000 -0.00571 0.00116 -0.00000 1.6591e-04 -4.1151e-05 7.9698e-01 3.2227e-06 6.8076e-08 3.8787e-01 0.44176 0.44669 0.48667 0.00699 0.00002 -0.00009 1.54560e-01 9.49853e-04 -5.3617330318e-01 -3.8066320285e-01 2.9168736518e-10 
770.002 -0.02903 -0.00585 -0.00000 0.00111 -0.00566 -0.00000 -6.4981e-05 1.3414e-04 7.9699e-01 1.1227e-06 2.7683e-06 3.8787e-01 0.44823 0.44022 0.48667 -0.00624 -0.00007 0.00004 1.54563e-01 9.49770e-04 -5.3617319045e-01 -3.8065996127e-01 2.9894801283e-10 
780.002 0.01592 -0.02496 0.00000 0.00484 0.00313 0.00000 -2.8279e-05 -1.3613e-04 7.9699e-01 -1.0633e-07 -6.5030e-07 3.8787e-01 0.43889 0.44956 0.48667 0.00516 0.00008 0.00002 1.54566e-01 9.49747e-04 -5.3617306210e-01 -3.8065719338e-01 2.5800412889e-10 
790.002 0.01672 0.02413 0.00000 -0.00479 0.00330 -0.00000 1.3069e-04 8.9783e-05 7.9700e-01 2.6942e-06 6.7213e-08 3.8788e-01 0.45061 0.43785 0.48667 -0.00379 -0.00005 -0.00007 1.54569e-01 9.49798e-04 -5.3617293852e-01 -3.8065460093e-01 3.1867950129e-10 
800.002 -0.02894 0.00587 -0.00000 -0.00119 -0.00566 -0.00000 -1.5999e-04 4.5539e-05 7.9700e-01 1.1865e-06 1.0492e-07 3.8788e-01 0.43714 0.45131 0.48667 0.00222 -0.00003 0.00009 1.54570e-01 9.49833e-04 -5.3617287316e-01 -3.8065350612e-01 2.5532416593e-10 
810.002 0.00504 -0.02925 -0.00000 0.00566 0.00099 0.00000 6.6007e-05 -1.4995e-04 7.9700e-01 3.3851e-06 6.4696e-07 3.8788e-01 0.45163 0.43682 0.48667 -0.00053 0.00008 -0.00003 1.54569e-01 9.49884e-04 -5.3617288505e-01 -3.8065398124e-01 2.9989001249e-10 
