0.000000
0.631705 0.580023 -0.460958 -0.464019 0.523382 0.000000 0.067500 5.952381e-03
0.267677 0.789483 0.054067 -0.631587 0.232159 0.000000 0.067500 5.952381e-03
-0.467915 -0.047011 0.154239 0.037608 -0.356315 0.000000 0.067500 5.952381e-03
-0.761397 0.059705 -0.565331 -0.047764 -0.591100 0.000000 0.067500 5.952381e-03
0.169631 0.266347 -0.508190 -0.213077 0.153722 0.000000 0.067500 5.952381e-03
0.490563 0.259463 0.305904 -0.207570 0.410468 0.000000 0.067500 5.952381e-03
-0.011173 0.512705 0.611606 -0.410164 0.009079 0.000000 0.067500 5.952381e-03
0.458227 -0.164641 0.220390 0.131713 0.384599 0.000000 0.067500 5.952381e-03
0.533746 0.349179 -0.335753 -0.279343 0.445014 0.000000 0.067500 5.952381e-03
-0.282503 0.933319 0.217161 -0.746655 -0.207985 0.000000 0.067500 5.952381e-03
-0.388845 -0.481338 0.266030 0.385070 -0.293059 0.000000 0.067500 5.952381e-03
-0.384890 0.665620 0.594876 -0.532496 -0.289894 0.000000 0.067500 5.952381e-03
0.431647 0.023199 -0.299022 -0.018559 0.363335 0.000000 0.067500 5.952381e-03
-0.466928 -0.777339 0.339945 0.621871 -0.355525 0.000000 0.067500 5.952381e-03
0.319658 0.427975 0.795290 -0.342380 0.273744 0.000000 0.067500 5.952381e-03
-0.047534 -0.526106 -0.093220 0.420885 -0.020010 0.000000 0.067500 5.952381e-03
0.139016 0.611590 -0.292224 -0.489272 0.129230 0.000000 0.067500 5.952381e-03
0.354757 -0.841293 0.042136 0.673034 0.301823 0.000000 0.067500 5.952381e-03
-0.388337 -0.456040 0.637279 0.364832 -0.292652 0.000000 0.067500 5.952381e-03
0.215189 -0.815789 -0.425418 0.652631 0.190168 0.000000 0.067500 5.952381e-03
0.192392 0.184129 0.849645 -0.147303 0.171931 0.000000 0.067500 5.952381e-03
0.122705 -0.450200 0.527676 0.360160 0.116182 0.000000 0.067500 5.952381e-03
0.523876 -0.401990 0.675131 0.321592 0.437118 0.000000 0.067500 5.952381e-03
-0.526895 0.308832 -0.130992 -0.247066 -0.403498 0.000000 0.067500 5.952381e-03
0.777596 -0.005463 0.383127 0.004370 0.640094 0.000000 0.067500 5.952381e-03
-0.984162 0.068180 0.145297 -0.054544 -0.769312 0.000000 0.067500 5.952381e-03
0.518454 -0.492221 -0.542536 0.393777 0.432781 0.000000 0.067500 5.952381e-03
0.032999 0.051174 0.066824 -0.040939 0.044417 0.000000 0.067500 5.952381e-03
-0.538246 0.376231 0.333322 -0.300985 -0.412579 0.000000 0.067500 5.952381e-03
-0.839791 0.370858 -0.197319 -0.296686 -0.653815 0.000000 0.067500 5.952381e-03
0.001266 0.098054 0.375794 -0.078443 0.019030 0.000000 0.067500 5.952381e-03
0.791150 -0.220061 -0.330655 0.176048 0.650938 0.000000 0.067500 5.952381e-03
-0.091839 -0.184421 0.887332 0.147536 -0.055454 0.000000 0.067500 5.952381e-03
-0.638930 -0.633461 0.165432 0.506768 -0.493126 0.000000 0.067500 5.952381e-03
-0.349628 -0.465180 -0.486371 0.372144 -0.261685 0.000000 0.067500 5.952381e-03
-0.331424 0.048838 -0.759781 -0.039070 -0.247122 0.000000 0.067500 5.952381e-03
0.221037 -0.822501 0.345211 0.658001 0.194847 0.000000 0.067500 5.952381e-03
0.122499 -0.523768 -0.355426 0.419014 0.116017 0.000000 0.067500 5.952381e-03
0.560882 -0.323398 -0.149778 0.258718 0.466724 0.000000 0.067500 5.952381e-03
-0.196926 0.950306 -0.171745 -0.760245 -0.139524 0.000000 0.067500 5.952381e-03
0.319226 0.859394 0.353367 -0.687515 0.273398 0.000000 0.067500 5.952381e-03
-0.037899 -0.933573 -0.239467 0.746859 -0.012301 0.000000 0.067500 5.952381e-03
-0.191447 -0.726493 0.190967 0.581194 -0.135140 0.000000 0.067500 5.952381e-03
-0.727213 -0.365295 0.404795 0.292236 -0.563753 0.000000 0.067500 5.952381e-03
-0.531171 0.034123 0.425322 -0.027298 -0.406919 0.000000 0.067500 5.952381e-03
0.362534 -0.138375 -0.643365 0.110700 0.308045 0.000000 0.067500 5.952381e-03
-0.609391 -0.202951 -0.523070 0.162361 -0.469495 0.000000 0.067500 5.952381e-03
0.256542 -0.565380 0.191662 0.452304 0.223251 0.000000 0.067500 5.952381e-03
-0.338260 -0.659901 -0.237438 0.527921 -0.252591 0.000000 0.067500 5.952381e-03
-0.132219 -0.165288 -0.818269 0.132231 -0.087758 0.000000 0.067500 5.952381e-03
-0.723485 -0.475309 -0.144089 0.380247 -0.560771 0.000000 0.067500 5.952381e-03
-0.350759 0.222989 0.176885 -0.178391 -0.262590 0.000000 0.067500 5.952381e-03
-0.102280 -0.754991 0.484694 0.603993 -0.063806 0.000000 0.067500 5.952381e-03
-0.228709 0.667704 -0.526060 -0.534164 -0.164950 0.000000 0.067500 5.952381e-03
0.687755 -0.092497 -0.630777 0.073997 0.568222 0.000000 0.067500 5.952381e-03
-0.966136 -0.216029 0.144982 0.172823 -0.754891 0.000000 0.067500 5.952381e-03
-0.474021 -0.011758 -0.309887 0.009406 -0.361199 0.000000 0.067500 5.952381e-03
-0.613657 0.782600 -0.153408 -0.626080 -0.472908 0.000000 0.067500 5.952381e-03
-0.236118 0.663238 -0.120209 -0.530590 -0.170877 0.000000 0.067500 5.952381e-03
-1.010789 -0.144321 -0.196251 0.115457 -0.790613 0.000000 0.067500 5.952381e-03
-0.289449 0.414556 -0.771057 -0.331644 -0.213542 0.000000 0.067500 5.952381e-03
0.761941 0.607083 0.162110 -0.485667 0.627570 0.000000 0.067500 5.952381e-03
-0.738053 -0.198702 -0.218668 0.158962 -0.572425 0.000000 0.067500 5.952381e-03
-0.119532 0.203794 0.688739 -0.163036 -0.077608 0.000000 0.067500 5.952381e-03
0.268139 0.565499 0.332121 -0.452399 0.232529 0.000000 0.067500 5.952381e-03
-0.068548 0.103872 -0.294633 -0.083097 -0.036821 0.000000 0.067500 5.952381e-03
-0.135533 -0.217262 0.234528 0.173810 -0.090409 0.000000 0.067500 5.952381e-03
0.925435 -0.251162 -0.001751 0.200930 0.758366 0.000000 0.067500 5.952381e-03
0.499387 -0.041901 0.790698 0.033521 0.417527 0.000000 0.067500 5.952381e-03
0.070221 0.386279 0.012781 -0.309023 0.074194 0.000000 0.067500 5.952381e-03
-0.739834 0.220224 0.086969 -0.176179 -0.573849 0.000000 0.067500 5.952381e-03
0.494134 -0.538875 0.344863 0.431100 0.413325 0.000000 0.067500 5.952381e-03
-0.736552 0.145742 0.631711 -0.116593 -0.571224 0.000000 0.067500 5.952381e-03
0.056668 0.902294 0.409154 -0.721835 0.063352 0.000000 0.067500 5.952381e-03
-0.503161 -0.056034 0.791240 0.044827 -0.384511 0.000000 0.067500 5.952381e-03
-0.170832 0.583457 0.338976 -0.466765 -0.118648 0.000000 0.067500 5.952381e-03
0.845029 0.210809 -0.028750 -0.168648 0.694040 0.000000 0.067500 5.952381e-03
-0.257974 -0.141676 -0.551435 0.113340 -0.188362 0.000000 0.067500 5.952381e-03
-0.734695 0.692702 0.075793 -0.554162 -0.569739 0.000000 0.067500 5.952381e-03
-0.257729 0.480129 -0.318557 -0.384103 -0.188166 0.000000 0.067500 5.952381e-03
0.039788 0.895180 -0.375686 -0.716144 0.049848 0.000000 0.067500 5.952381e-03
-0.435040 0.306177 0.619489 -0.244941 -0.330014 0.000000 0.067500 5.952381e-03
0.898328 0.282181 0.294070 -0.225745 0.736680 0.000000 0.067500 5.952381e-03
0.300509 0.193876 0.507513 -0.155101 0.258425 0.000000 0.067500 5.952381e-03
-0.784765 -0.149695 0.589277 0.119756 -0.609794 0.000000 0.067500 5.952381e-03
0.692003 -0.671026 -0.184207 0.536820 0.571620 0.000000 0.067500 5.952381e-03
0.408786 0.444035 -0.082108 -0.355228 0.345046 0.000000 0.067500 5.952381e-03
-0.366097 -0.912244 -0.019546 0.729796 -0.274860 0.000000 0.067500 5.952381e-03
-0.054393 -0.594719 -0.768094 0.475776 -0.025497 0.000000 0.067500 5.952381e-03
0.692049 0.098739 -0.352684 -0.078991 0.571657 0.000000 0.067500 5.952381e-03
0.289440 0.058552 0.248774 -0.046842 0.249569 0.000000 0.067500 5.952381e-03
0.125958 -0.118098 -0.299773 0.094478 0.118784 0.000000 0.067500 5.952381e-03
0.124054 -0.312258 0.021952 0.249806 0.117261 0.000000 0.067500 5.952381e-03
-0.051580 0.881365 0.076309 -0.705092 -0.023246 0.000000 0.067500 5.952381e-03
0.556041 0.400965 0.625763 -0.320772 0.462851 0.000000 0.067500 5.952381e-03
-0.475387 0.568393 -0.576343 -0.454714 -0.362292 0.000000 0.067500 5.952381e-03
0.351155 0.340252 -0.711068 -0.272202 0.298941 0.000000 0.067500 5.952381e-03
-0.226940 0.164092 -0.065383 -0.131273 -0.163534 0.000000 0.067500 5.952381e-03
0.284114 -0.678177 0.603474 0.542542 0.245309 0.000000 0.067500 5.952381e-03
-0.609744 0.325672 -0.677700 -0.260537 -0.469778 0.000000 0.067500 5.952381e-03
0.886898 -0.308972 0.262837 0.247177 0.727536 0.000000 0.067500 5.952381e-03
0.825931 0.526008 -0.091324 -0.420807 0.678763 0.000000 0.067500 5.952381e-03
-0.041936 -0.494445 0.262976 0.395556 -0.015531 0.000000 0.067500 5.952381e-03
0.207205 -0.665317 -0.651084 0.532254 0.183781 0.000000 0.067500 5.952381e-03
-0.700034 -0.695104 -0.321312 0.556083 -0.542009 0.000000 0.067500 5.952381e-03
-0.118370 -0.654691 -0.414472 0.523753 -0.076678 0.000000 0.067500 5.952381e-03
0.262833 -0.135428 0.553125 0.108343 0.228284 0.000000 0.067500 5.952381e-03
0.524753 -0.794138 0.247161 0.635310 0.437820 0.000000 0.067500 5.952381e-03
0.151415 0.335370 -0.246902 -0.268296 0.139150 0.000000 0.067500 5.952381e-03
0.715430 -0.048781 0.095863 0.039025 0.590362 0.000000 0.067500 5.952381e-03
-0.226453 -0.141032 0.653910 0.112825 -0.163145 0.000000 0.067500 5.952381e-03
-0.608037 0.694489 0.319154 -0.555591 -0.468412 0.000000 0.067500 5.952381e-03
-0.350517 -0.450185 -0.020975 0.360148 -0.262396 0.000000 0.067500 5.952381e-03
-0.126126 0.135414 -0.604230 -0.108331 -0.082884 0.000000 0.067500 5.952381e-03
-0.408599 -0.801171 -0.467911 0.640936 -0.308861 0.000000 0.067500 5.952381e-03
0.140640 -0.341616 -0.629842 0.273293 0.130530 0.000000 0.067500 5.952381e-03
0.440596 -0.571643 -0.111434 0.457314 0.370495 0.000000 0.067500 5.952381e-03
-0.673707 0.534111 -0.339046 -0.427289 -0.520948 0.000000 0.067500 5.952381e-03
0.823913 -0.589350 0.128737 0.471480 0.677148 0.000000 0.067500 5.952381e-03
0.177587 -0.112031 -0.897764 0.089625 0.160087 0.000000 0.067500 5.952381e-03
0.502559 -0.806531 -0.374660 0.645225 0.420065 0.000000 0.067500 5.952381e-03
0.010437 -1.036592 0.043035 0.829274 0.026367 0.000000 0.067500 5.952381e-03
-0.351576 -0.223355 -0.177514 0.178684 -0.263243 0.000000 0.067500 5.952381e-03
-0.290026 -0.385355 -0.737559 0.308284 -0.214003 0.000000 0.067500 5.952381e-03
-0.949883 0.412080 0.062651 -0.329664 -0.741889 0.000000 0.067500 5.952381e-03
-0.740307 -0.072691 0.035335 0.058153 -0.574228 0.000000 0.067500 5.952381e-03
0.419288 0.052947 -0.827729 -0.042358 0.353448 0.000000 0.067500 5.952381e-03
0.357170 0.909488 -0.201461 -0.727590 0.303753 0.000000 0.067500 5.952381e-03
0.029239 0.508046 -0.547466 -0.406437 0.041409 0.000000 0.067500 5.952381e-03
0.212423 0.680392 0.687205 -0.544314 0.187956 0.000000 0.067500 5.952381e-03
-0.594457 -0.608975 0.548471 0.487180 -0.457548 0.000000 0.067500 5.952381e-03
0.436747 0.038823 0.008874 -0.031058 0.367415 0.000000 0.067500 5.952381e-03
0.343857 0.505945 -0.465620 -0.404756 0.293103 0.000000 0.067500 5.952381e-03
-0.099671 -0.534717 0.788572 0.427774 -0.061719 0.000000 0.067500 5.952381e-03
-0.449741 0.717394 0.071697 -0.573916 -0.341775 0.000000 0.067500 5.952381e-03
0.081363 -0.065887 -0.565400 0.052710 0.083108 0.000000 0.067500 5.952381e-03
0.827544 0.392318 -0.345743 -0.313854 0.680053 0.000000 0.067500 5.952381e-03
0.219462 -0.467600 0.779708 0.374080 0.193588 0.000000 0.067500 5.952381e-03
-0.816896 -0.431733 -0.418516 0.345386 -0.635499 0.000000 0.067500 5.952381e-03
0.603621 0.235387 -0.695622 -0.188310 0.500914 0.000000 0.067500 5.952381e-03
0.092123 0.354830 0.344915 -0.283864 0.091716 0.000000 0.067500 5.952381e-03
-0.601885 -0.536896 -0.596202 0.429517 -0.463491 0.000000 0.067500 5.952381e-03
0.127435 -0.272674 0.310946 0.218139 0.119965 0.000000 0.067500 5.952381e-03
0.547686 0.794940 -0.003855 -0.635952 0.456167 0.000000 0.067500 5.952381e-03
0.501435 0.690122 0.465703 -0.552097 0.419165 0.000000 0.067500 5.952381e-03
0.777056 -0.236665 0.545508 0.189332 0.639663 0.000000 0.067500 5.952381e-03
-0.129053 -0.333725 -0.338805 0.266980 -0.085225 0.000000 0.067500 5.952381e-03
0.333237 -0.318915 -0.426492 0.255132 0.284607 0.000000 0.067500 5.952381e-03
-0.904468 0.142922 0.393820 -0.114337 -0.705557 0.000000 0.067500 5.952381e-03
-0.444346 0.781297 -0.398012 -0.625038 -0.337459 0.000000 0.067500 5.952381e-03
0.203999 -0.172364 0.866162 0.137891 0.181217 0.000000 0.067500 5.952381e-03
-0.786616 0.421446 0.452417 -0.337157 -0.611275 0.000000 0.067500 5.952381e-03
0.035017 0.309735 -0.741613 -0.247788 0.046031 0.000000 0.067500 5.952381e-03
-0.265807 -0.009864 0.401617 0.007892 -0.194628 0.000000 0.067500 5.952381e-03
-0.258457 0.514318 0.786848 -0.411454 -0.188748 0.000000 0.067500 5.952381e-03
-0.869940 0.090208 -0.185021 -0.072167 -0.677934 0.000000 0.067500 5.952381e-03
0.990827 -0.024902 0.131442 0.019922 0.810679 0.000000 0.067500 5.952381e-03
0.974571 0.016247 -0.194901 -0.012998 0.797674 0.000000 0.067500 5.952381e-03
-0.914369 -0.480455 0.185793 0.384364 -0.713477 0.000000 0.067500 5.952381e-03
-0.350246 0.270133 -0.479576 -0.216106 -0.262180 0.000000 0.067500 5.952381e-03
-0.652213 0.259059 -0.419074 -0.207247 -0.503753 0.000000 0.067500 5.952381e-03
-0.347889 0.169347 0.856124 -0.135477 -0.260294 0.000000 0.067500 5.952381e-03
-0.102152 0.130712 -0.894612 -0.104569 -0.063704 0.000000 0.067500 5.952381e-03
-0.417059 -0.253755 0.444402 0.203004 -0.315630 0.000000 0.067500 5.952381e-03
-0.612658 -0.327532 0.161223 0.262026 -0.472109 0.000000 0.067500 5.952381e-03
0.102098 -0.746975 -0.044949 0.597580 0.099696 0.000000 0.067500 5.952381e-03
0.578723 0.069524 0.553715 -0.055619 0.480996 0.000000 0.067500 5.952381e-03
0.289121 0.784049 -0.481479 -0.627239 0.249314 0.000000 0.067500 5.952381e-03
2.936636 -0.076461 -0.157198 0.030584 0.561021 0.000000 0.035000 5.555556e-04
2.862390 -0.134305 0.026250 0.053722 0.531322 0.000000 0.035000 5.555556e-04
3.147997 -0.003056 -0.014618 0.001222 0.645565 0.000000 0.035000 5.555556e-04
3.101489 -0.129446 -0.056692 0.051778 0.626962 0.000000 0.035000 5.555556e-04
2.999757 0.002557 -0.057840 -0.001023 0.586269 0.000000 0.035000 5.555556e-04
2.817102 0.137796 0.025946 -0.055118 0.513207 0.000000 0.035000 5.555556e-04
2.751775 -0.069979 -0.064532 0.027991 0.487076 0.000000 0.035000 5.555556e-04
2.756942 0.005695 0.073762 -0.002278 0.489143 0.000000 0.035000 5.555556e-04
2.974665 0.044001 0.177694 -0.017600 0.576232 0.000000 0.035000 5.555556e-04
2.975474 0.179384 -0.063237 -0.071754 0.576556 0.000000 0.035000 5.555556e-04
2.941024 -0.108818 0.156371 0.043527 0.562776 0.000000 0.035000 5.555556e-04
3.109475 0.140139 0.005315 -0.056056 0.630156 0.000000 0.035000 5.555556e-04
2.880897 0.098789 -0.129488 -0.039516 0.538725 0.000000 0.035000 5.555556e-04
3.039300 -0.076455 0.060198 0.030582 0.602086 0.000000 0.035000 5.555556e-04
3.162093 -0.046064 0.121534 0.018426 0.651203 0.000000 0.035000 5.555556e-04
2.942420 0.164404 0.096971 -0.065762 0.563334 0.000000 0.035000 5.555556e-04
2.961230 -0.197677 -0.061891 0.079071 0.570858 0.000000 0.035000 5.555556e-04
3.104680 0.069495 -0.138544 -0.027798 0.628238 0.000000 0.035000 5.555556e-04
