400000.000000
0.564857 -0.516502 0.509609 0.396296 0.440978 0.000014 0.067500 6.060606e-03
-0.321768 -0.070168 -0.842678 0.040522 -0.265816 -0.000002 0.067500 6.060606e-03
0.529334 0.694626 -0.441317 -0.569099 0.412630 -0.000044 0.067500 6.060606e-03
-0.064999 0.456751 0.309122 -0.379476 -0.061082 -0.000030 0.067500 6.060606e-03
-0.528045 0.302116 0.326269 -0.256210 -0.430185 -0.000018 0.067500 6.060606e-03
0.358709 0.766813 -0.181436 -0.626636 0.276640 -0.000047 0.067500 6.060606e-03
-0.327443 -0.353816 0.517111 0.266628 -0.270282 0.000011 0.067500 6.060606e-03
0.439682 -0.112160 0.153515 0.073993 0.341185 -0.000005 0.067500 6.060606e-03
-0.009122 -0.380185 0.836668 0.287645 -0.016529 0.000011 0.067500 6.060606e-03
-0.088400 -0.302057 -0.494101 0.225361 -0.079785 0.000008 0.067500 6.060606e-03
-0.062508 -0.070567 0.824794 0.040850 -0.059080 -0.000005 0.067500 6.060606e-03
0.997597 0.192558 -0.039434 -0.168905 0.785897 -0.000022 0.067500 6.060606e-03
-0.115591 0.264086 -0.808844 -0.225913 -0.101466 -0.000018 0.067500 6.060606e-03
-0.221909 -0.483416 0.045377 0.369928 -0.186185 0.000017 0.067500 6.060606e-03
0.399088 0.193849 -0.186097 -0.169929 0.308819 -0.000018 0.067500 6.060606e-03
-0.620802 0.583874 0.066468 -0.480800 -0.504133 -0.000033 0.067500 6.060606e-03
-0.893673 -0.252149 -0.026643 0.185591 -0.721656 0.000010 0.067500 6.060606e-03
-0.743931 -0.696159 -0.118477 0.539504 -0.602302 0.000030 0.067500 6.060606e-03
0.005382 -0.246482 -0.020471 0.181066 -0.005008 0.000005 0.067500 6.060606e-03
-0.588838 -0.283901 -0.053512 0.210899 -0.478671 0.000010 0.067500 6.060606e-03
-0.110341 0.735286 0.585395 -0.601497 -0.097206 -0.000043 0.067500 6.060606e-03
0.282974 -0.684189 -0.438958 0.529956 0.216240 0.000024 0.067500 6.060606e-03
-0.564136 -0.220061 0.581552 0.160012 -0.458948 0.000006 0.067500 6.060606e-03
0.890395 0.090586 0.452995 -0.087618 0.700468 -0.000018 0.067500 6.060606e-03
0.336882 -0.068184 0.547555 0.038942 0.259262 -0.000006 0.067500 6.060606e-03
-0.069781 0.650545 0.097306 -0.533951 -0.064900 -0.000038 0.067500 6.060606e-03
-0.177927 -0.561247 0.665692 0.431968 -0.151096 0.000022 0.067500 6.060606e-03
0.018335 -0.612965 -0.592826 0.473185 0.005286 0.000021 0.067500 6.060606e-03
0.031159 0.542613 -0.192908 -0.447923 0.015545 -0.000032 0.067500 6.060606e-03
0.688025 0.239074 -0.215209 -0.205982 0.539129 -0.000022 0.067500 6.060606e-03
-0.664623 -0.137428 0.162615 0.094147 -0.539069 0.000004 0.067500 6.060606e-03
0.080034 0.772933 -0.466529 -0.631514 0.054493 -0.000045 0.067500 6.060606e-03
-0.255927 -0.232950 -0.185353 0.170280 -0.213308 0.000006 0.067500 6.060606e-03
0.139582 -0.616871 0.632776 0.476304 0.101991 0.000023 0.067500 6.060606e-03
0.507608 0.793318 0.361943 -0.647764 0.395355 -0.000048 0.067500 6.060606e-03
0.339754 -0.369179 0.274880 0.278864 0.261534 0.000009 0.067500 6.060606e-03
0.836949 0.410422 0.127398 -0.342562 0.657854 -0.000032 0.067500 6.060606e-03
0.683378 0.265212 0.652315 -0.226810 0.535466 -0.000026 0.067500 6.060606e-03
0.441924 -0.521700 -0.244411 0.400436 0.342949 0.000015 0.067500 6.060606e-03
0.011480 -0.978625 -0.358780 0.764655 -0.000171 0.000038 0.067500 6.060606e-03
-0.459669 0.199772 -0.159342 -0.174636 -0.375707 -0.000016 0.067500 6.060606e-03
0.265769 -0.047918 -0.489032 0.022783 0.202529 -0.000006 0.067500 6.060606e-03
0.067690 -0.736075 -0.068162 0.571319 0.044649 0.000028 0.067500 6.060606e-03
-0.429005 0.000050 -0.362486 -0.015440 -0.351277 -0.000005 0.067500 6.060606e-03
0.182165 -0.356524 -0.764758 0.268772 0.135872 0.000009 0.067500 6.060606e-03
-0.432430 0.015621 0.412213 -0.027849 -0.353968 -0.000007 0.067500 6.060606e-03
0.119144 -0.438945 -0.330295 0.334472 0.085655 0.000014 0.067500 6.060606e-03
0.816894 -0.445180 0.062332 0.339441 0.641856 0.000009 0.067500 6.060606e-03
-0.122193 0.338532 0.616102 -0.285244 -0.106659 -0.000024 0.067500 6.060606e-03
0.318090 0.280761 0.818607 -0.239200 0.244302 -0.000023 0.067500 6.060606e-03
0.430155 0.551387 0.130416 -0.454920 0.333604 -0.000036 0.067500 6.060606e-03
-0.216378 -0.593824 -0.436045 0.457931 -0.181800 0.000022 0.067500 6.060606e-03
0.305773 0.195799 -0.738067 -0.171485 0.234408 -0.000018 0.067500 6.060606e-03
-0.252939 0.235429 -0.481449 -0.203065 -0.210932 -0.000015 0.067500 6.060606e-03
-0.621446 0.411637 -0.371185 -0.343514 -0.504670 -0.000024 0.067500 6.060606e-03
0.601798 0.048221 0.429252 -0.053848 0.470425 -0.000015 0.067500 6.060606e-03
-0.951379 0.182037 -0.105644 -0.160492 -0.767657 -0.000010 0.067500 6.060606e-03
0.440794 0.316242 -0.437649 -0.267489 0.342050 -0.000023 0.067500 6.060606e-03
-0.225664 -0.788451 0.006612 0.613069 -0.189182 0.000032 0.067500 6.060606e-03
-0.064386 0.535231 -0.495373 -0.442041 -0.060630 -0.000032 0.067500 6.060606e-03
-0.190294 0.854121 0.313429 -0.696222 -0.160948 -0.000046 0.067500 6.060606e-03
0.075197 0.283503 0.121617 -0.241382 0.050658 -0.000022 0.067500 6.060606e-03
0.404456 -0.764751 0.106961 0.594175 0.313096 0.000027 0.067500 6.060606e-03
0.857213 -0.169831 0.315122 0.119959 0.674011 -0.000006 0.067500 6.060606e-03
-0.076820 -0.091408 0.457230 0.057460 -0.070507 -0.000003 0.067500 6.060606e-03
0.128839 0.631316 0.430106 -0.518626 0.093437 -0.000037 0.067500 6.060606e-03
0.671053 -0.090325 -0.007964 0.056584 0.525606 -0.000007 0.067500 6.060606e-03
0.069463 0.871734 -0.215006 -0.710267 0.046083 -0.000051 0.067500 6.060606e-03
-0.604166 0.030040 -0.664456 -0.039349 -0.490914 -0.000004 0.067500 6.060606e-03
-0.780392 -0.005876 0.386920 -0.010708 -0.631336 -0.000002 0.067500 6.060606e-03
0.347046 0.310738 0.315140 -0.263096 0.267362 -0.000024 0.067500 6.060606e-03
-0.806064 -0.123386 -0.329408 0.082952 -0.651836 0.000003 0.067500 6.060606e-03
0.811591 -0.403986 -0.239611 0.306604 0.637615 0.000008 0.067500 6.060606e-03
-0.015322 -0.591237 0.321723 0.455870 -0.021500 0.000021 0.067500 6.060606e-03
0.802005 -0.718375 0.087215 0.557206 0.629989 0.000022 0.067500 6.060606e-03
-0.398311 0.311458 0.588735 -0.263660 -0.326758 -0.000021 0.067500 6.060606e-03
-0.059759 -1.040532 0.082460 0.814002 -0.056937 0.000044 0.067500 6.060606e-03
-0.520048 -0.307116 -0.380345 0.229400 -0.423853 0.000010 0.067500 6.060606e-03
0.145366 -0.005310 0.300594 -0.011172 0.106593 -0.000008 0.067500 6.060606e-03
-0.591131 -0.524308 0.486407 0.402526 -0.480473 0.000022 0.067500 6.060606e-03
0.068684 -0.311576 0.560634 0.232954 0.045476 0.000007 0.067500 6.060606e-03
0.045243 -0.067060 -0.224294 0.038046 0.026759 -0.000004 0.067500 6.060606e-03
-0.407485 0.664151 -0.556238 -0.544800 -0.334119 -0.000035 0.067500 6.060606e-03
0.641932 -0.384002 -0.578309 0.290673 0.502363 0.000009 0.067500 6.060606e-03
-0.148388 -0.492526 -0.789959 0.377182 -0.127617 0.000015 0.067500 6.060606e-03
0.958399 -0.101392 0.055460 0.065404 0.754654 -0.000008 0.067500 6.060606e-03
0.054909 0.300129 -0.604286 -0.254643 0.034451 -0.000021 0.067500 6.060606e-03
0.372852 -0.456239 0.793142 0.348264 0.287942 0.000013 0.067500 6.060606e-03
-0.305827 0.924402 -0.010773 -0.752244 -0.253053 -0.000049 0.067500 6.060606e-03
0.149756 0.426135 0.632591 -0.355076 0.110115 -0.000029 0.067500 6.060606e-03
-0.113396 -0.813041 0.495925 0.632673 -0.099669 0.000033 0.067500 6.060606e-03
-0.186161 0.846374 -0.450659 -0.690053 -0.157692 -0.000046 0.067500 6.060606e-03
-0.695755 -0.724367 0.153788 0.561990 -0.563888 0.000032 0.067500 6.060606e-03
0.212065 -0.427265 -0.069999 0.325165 0.159735 0.000012 0.067500 6.060606e-03
-0.297197 0.533503 0.445203 -0.440652 -0.246161 -0.000033 0.067500 6.060606e-03
0.725071 0.595956 -0.154344 -0.490451 0.568666 -0.000039 0.067500 6.060606e-03
0.718422 -0.736237 -0.248468 0.571442 0.563345 0.000024 0.067500 6.060606e-03
-0.179992 0.118625 -0.125944 -0.109958 -0.152771 -0.000012 0.067500 6.060606e-03
-0.203763 0.709663 -0.204628 -0.581077 -0.171713 -0.000039 0.067500 6.060606e-03
-0.459520 -0.788018 -0.351249 0.612724 -0.375607 0.000032 0.067500 6.060606e-03
-0.545095 0.581024 0.342254 -0.478529 -0.443771 -0.000034 0.067500 6.060606e-03
-0.798504 -0.293040 0.375633 0.218185 -0.645776 0.000012 0.067500 6.060606e-03
0.787704 -0.088312 -0.576633 0.054977 0.618561 -0.000006 0.067500 6.060606e-03
0.371270 -0.136780 -0.148462 0.093616 0.286640 -0.000003 0.067500 6.060606e-03
-0.396088 0.358134 -0.681582 -0.300874 -0.325046 -0.000021 0.067500 6.060606e-03
-0.246920 0.222377 0.150153 -0.192656 -0.206105 -0.000018 0.067500 6.060606e-03
-0.481021 0.074866 0.777947 -0.075071 -0.392684 -0.000009 0.067500 6.060606e-03
0.607749 0.751116 0.067026 -0.614127 0.475162 -0.000047 0.067500 6.060606e-03
0.631091 0.399784 0.378437 -0.334078 0.493776 -0.000031 0.067500 6.060606e-03
0.609871 -0.034957 0.758984 0.012456 0.476875 -0.000010 0.067500 6.060606e-03
-0.818687 0.441665 -0.142340 -0.367441 -0.661888 -0.000023 0.067500 6.060606e-03
0.840924 -0.334295 0.530177 0.251056 0.661035 0.000003 0.067500 6.060606e-03
0.777894 0.423375 -0.404478 -0.352887 0.610756 -0.000030 0.067500 6.060606e-03
0.083942 0.922871 0.310692 -0.751026 0.057652 -0.000052 0.067500 6.060606e-03
-0.762351 0.303845 0.479666 -0.257583 -0.616949 -0.000017 0.067500 6.060606e-03
0.125604 0.027789 -0.858686 -0.037563 0.090786 -0.000008 0.067500 6.060606e-03
0.323414 0.799661 0.082145 -0.652818 0.248522 -0.000047 0.067500 6.060606e-03
0.242541 -0.669515 0.352067 0.518265 0.184046 0.000024 0.067500 6.060606e-03
-0.796647 0.171908 -0.425427 -0.152423 -0.644331 -0.000010 0.067500 6.060606e-03
0.473804 -0.858137 -0.283399 0.668611 0.368357 0.000031 0.067500 6.060606e-03
-0.504565 0.730719 -0.304746 -0.597859 -0.411492 -0.000038 0.067500 6.060606e-03
0.344504 0.647405 0.649874 -0.531453 0.265355 -0.000040 0.067500 6.060606e-03
-0.009672 0.289441 0.865967 -0.246114 -0.016957 -0.000023 0.067500 6.060606e-03
-0.886922 0.403312 0.120943 -0.336867 -0.716267 -0.000019 0.067500 6.060606e-03
0.020223 -0.091823 -0.634293 0.057783 0.006796 -0.000003 0.067500 6.060606e-03
0.486541 0.501511 -0.646354 -0.415168 0.378506 -0.000034 0.067500 6.060606e-03
0.947866 -0.090572 -0.339752 0.056778 0.746239 -0.000007 0.067500 6.060606e-03
0.358613 -0.313238 -0.397066 0.234270 0.276538 0.000006 0.067500 6.060606e-03
-0.385451 -0.480987 -0.203784 0.367992 -0.316558 0.000018 0.067500 6.060606e-03
0.681967 -0.043471 -0.304584 0.019236 0.534292 -0.000008 0.067500 6.060606e-03
-0.206073 -0.290613 0.256823 0.216246 -0.173548 0.000007 0.067500 6.060606e-03
-0.543085 -0.625711 -0.561130 0.483349 -0.442228 0.000026 0.067500 6.060606e-03
0.084730 -1.007608 0.305899 0.787760 0.058247 0.000042 0.067500 6.060606e-03
-0.012081 0.317674 -0.333916 -0.268623 -0.018933 -0.000021 0.067500 6.060606e-03
0.521835 -0.141409 -0.667904 0.097302 0.406632 -0.000001 0.067500 6.060606e-03
-0.313617 -0.188047 0.826868 0.134494 -0.259242 0.000002 0.067500 6.060606e-03
0.234210 -0.040513 0.857504 0.016889 0.177437 -0.000007 0.067500 6.060606e-03
0.296620 -0.962179 -0.109585 0.751545 0.227129 0.000037 0.067500 6.060606e-03
0.614872 0.123108 -0.680909 -0.113544 0.480794 -0.000014 0.067500 6.060606e-03
0.001921 0.011084 0.064772 -0.024239 -0.007758 -0.000008 0.067500 6.060606e-03
-0.443337 -0.764282 0.458337 0.593807 -0.362669 0.000033 0.067500 6.060606e-03
-0.499782 -0.450787 0.198961 0.343922 -0.407673 0.000017 0.067500 6.060606e-03
-0.742201 -0.259353 -0.589031 0.191327 -0.600944 0.000008 0.067500 6.060606e-03
-0.733139 0.158948 0.100889 -0.142089 -0.593685 -0.000010 0.067500 6.060606e-03
-0.308186 0.493623 0.014314 -0.408864 -0.254942 -0.000029 0.067500 6.060606e-03
-0.368147 0.438602 -0.261429 -0.365010 -0.302753 -0.000025 0.067500 6.060606e-03
0.552084 -0.542862 0.188941 0.417305 0.430780 0.000015 0.067500 6.060606e-03
0.786478 0.102352 0.160623 -0.096999 0.617623 -0.000018 0.067500 6.060606e-03
-0.449624 0.806949 0.224951 -0.658618 -0.367671 -0.000044 0.067500 6.060606e-03
-0.745951 -0.474592 -0.306870 0.362895 -0.603920 0.000019 0.067500 6.060606e-03
-0.454496 -0.251090 -0.652994 0.184739 -0.371611 0.000007 0.067500 6.060606e-03
0.569816 -0.811377 0.374656 0.631342 0.444921 0.000028 0.067500 6.060606e-03
-0.487995 -0.911630 0.051255 0.711256 -0.398288 0.000039 0.067500 6.060606e-03
0.321132 -0.584078 -0.689372 0.450156 0.246645 0.000019 0.067500 6.060606e-03
0.219354 0.536388 -0.392863 -0.442965 0.165547 -0.000035 0.067500 6.060606e-03
-0.246210 -0.952302 -0.249306 0.743674 -0.205574 0.000039 0.067500 6.060606e-03
0.207270 0.507270 -0.690009 -0.419756 0.155897 -0.000032 0.067500 6.060606e-03
-0.266036 -0.071037 0.059700 0.041224 -0.221351 -0.000003 0.067500 6.060606e-03
-0.818414 -0.473975 0.137265 0.362406 -0.661660 0.000020 0.067500 6.060606e-03
0.081218 0.101658 0.661972 -0.096434 0.055480 -0.000013 0.067500 6.060606e-03
0.312439 0.468259 -0.118399 -0.388658 0.239757 -0.000032 0.067500 6.060606e-03
0.539075 -0.677182 -0.524709 0.524369 0.420375 0.000022 0.067500 6.060606e-03
-0.285158 -0.896507 0.252354 0.699202 -0.236594 0.000038 0.067500 6.060606e-03
-0.028180 0.957735 0.065709 -0.778817 -0.031732 -0.000053 0.067500 6.060606e-03
-0.079405 0.164367 0.366873 -0.146417 -0.072567 -0.000016 0.067500 6.060606e-03
-1.639337 2.643942 -0.064929 -0.513238 -0.318235 0.001500 0.035000 5.555556e-04
-1.635363 2.486316 -0.060894 -0.483643 -0.317413 0.004485 0.035000 5.555556e-04
-1.480397 2.531285 -0.169078 -0.494979 -0.290549 -0.000583 0.035000 5.555556e-04
-1.388613 2.420886 0.102346 -0.466992 -0.268053 -0.000897 0.035000 5.555556e-04
-1.485334 2.484162 -0.030887 -0.482429 -0.288761 0.000475 0.035000 5.555556e-04
-1.491612 2.687143 0.039136 -0.518507 -0.288560 -0.003338 0.035000 5.555556e-04
-1.352691 2.550480 0.028595 -0.493227 -0.262781 -0.004410 0.035000 5.555556e-04
-1.635740 2.453320 0.136531 -0.472136 -0.313608 0.005143 0.035000 5.555556e-04
-1.517099 2.717948 -0.124721 -0.528697 -0.296544 -0.003254 0.035000 5.555556e-04
-1.540953 2.377461 -0.113539 -0.464702 -0.300786 0.004070 0.035000 5.555556e-04
-1.772550 2.565133 -0.036098 -0.497717 -0.342588 0.006644 0.035000 5.555556e-04
-1.405968 2.652908 -0.066701 -0.514964 -0.274617 -0.004980 0.035000 5.555556e-04
-1.483539 2.538934 0.153327 -0.487697 -0.284809 -0.000649 0.035000 5.555556e-04
-1.720293 2.664239 0.076877 -0.513203 -0.330595 0.003289 0.035000 5.555556e-04
-1.382753 2.383832 -0.039350 -0.463889 -0.269739 -0.000328 0.035000 5.555556e-04
-1.580335 2.349520 0.033217 -0.455510 -0.305273 0.005682 0.035000 5.555556e-04
-1.645067 2.777012 0.039485 -0.535309 -0.317258 -0.000955 0.035000 5.555556e-04
-1.567335 2.667369 0.156652 -0.511633 -0.300418 -0.000904 0.035000 5.555556e-04
