152000.001921
0.502102 0.521069 0.509538 -0.411985 0.413973 -0.000006 0.067500 6.060606e-03
-0.003190 -0.333481 -0.842631 0.269118 0.011278 -0.000019 0.067500 6.060606e-03
-0.708692 0.567429 -0.441352 -0.448952 -0.551048 0.000035 0.067500 6.060606e-03
-0.511505 -0.041541 0.309151 0.036467 -0.393907 0.000007 0.067500 6.060606e-03
-0.388523 -0.513980 0.326345 0.413032 -0.295887 -0.000016 0.067500 6.060606e-03
-0.792240 0.402105 -0.181448 -0.317168 -0.617650 0.000033 0.067500 6.060606e-03
0.279482 -0.358173 0.517144 0.288846 0.236525 -0.000034 0.067500 6.060606e-03
0.090211 0.423488 0.153473 -0.334213 0.085697 0.000004 0.067500 6.060606e-03
0.327315 -0.042333 0.836661 0.037107 0.274644 -0.000022 0.067500 6.060606e-03
0.243962 -0.116294 -0.494086 0.096016 0.208253 -0.000022 0.067500 6.060606e-03
0.014793 -0.074661 0.824805 0.062877 0.025553 -0.000014 0.067500 6.060606e-03
-0.176108 1.000708 -0.039530 -0.794296 -0.126558 0.000033 0.067500 6.060606e-03
-0.322740 -0.105171 -0.808814 0.087145 -0.243415 0.000000 0.067500 6.060606e-03
0.415910 -0.261699 0.045398 0.211932 0.345277 -0.000032 0.067500 6.060606e-03
-0.217857 0.403645 -0.186124 -0.318400 -0.159835 0.000015 0.067500 6.060606e-03
-0.675912 -0.587500 0.066560 0.471625 -0.524940 -0.000009 0.067500 6.060606e-03
0.139751 -0.916287 -0.026541 0.733686 0.125173 -0.000050 0.067500 6.060606e-03
0.592871 -0.796926 -0.118403 0.638548 0.486323 -0.000061 0.067500 6.060606e-03
0.194871 -0.018916 -0.020467 0.018416 0.169109 -0.000017 0.067500 6.060606e-03
0.192040 -0.614303 -0.053444 0.492984 0.166850 -0.000038 0.067500 6.060606e-03
-0.792462 -0.067916 0.585437 0.057499 -0.617855 0.000015 0.067500 6.060606e-03
0.650329 0.228391 -0.438989 -0.178734 0.532148 -0.000023 0.067500 6.060606e-03
0.130033 -0.585274 0.581616 0.469866 0.117406 -0.000037 0.067500 6.060606e-03
-0.081600 0.886911 0.452907 -0.703578 -0.051250 0.000028 0.067500 6.060606e-03
0.039402 0.323943 0.547525 -0.254850 0.045186 0.000004 0.067500 6.060606e-03
-0.705188 -0.033232 0.097341 0.029837 -0.548274 0.000014 0.067500 6.060606e-03
0.496552 -0.223014 0.665702 0.181117 0.409531 -0.000032 0.067500 6.060606e-03
0.561376 -0.030839 -0.592828 0.027891 0.461251 -0.000028 0.067500 6.060606e-03
-0.590689 0.060147 -0.192887 -0.044602 -0.457002 0.000014 0.067500 6.060606e-03
-0.243448 0.694975 -0.215269 -0.550611 -0.180226 0.000024 0.067500 6.060606e-03
0.040784 -0.679986 0.162694 0.545346 0.046285 -0.000037 0.067500 6.060606e-03
-0.817189 0.124451 -0.466511 -0.095867 -0.637526 0.000024 0.067500 6.060606e-03
0.163702 -0.278727 -0.185318 0.225498 0.144270 -0.000026 0.067500 6.060606e-03
0.573509 0.089997 0.632750 -0.068377 0.470873 -0.000026 0.067500 6.060606e-03
-0.808606 0.552517 0.361918 -0.437039 -0.630711 0.000040 0.067500 6.060606e-03
0.339897 0.306419 0.274841 -0.240901 0.284695 -0.000008 0.067500 6.060606e-03
-0.404328 0.855185 0.127325 -0.678299 -0.308466 0.000036 0.067500 6.060606e-03
-0.269814 0.692200 0.652256 -0.548370 -0.201277 0.000030 0.067500 6.060606e-03
0.498962 0.397983 -0.244459 -0.313904 0.411499 -0.000012 0.067500 6.060606e-03
0.925758 -0.062376 -0.358792 0.053020 0.751667 -0.000044 0.067500 6.060606e-03
-0.281805 -0.452734 -0.159278 0.364200 -0.210812 -0.000017 0.067500 6.060606e-03
0.014342 0.254249 -0.489050 -0.199335 0.025247 0.000001 0.067500 6.060606e-03
0.687567 0.010133 -0.068177 -0.004752 0.561806 -0.000030 0.067500 6.060606e-03
-0.080472 -0.435669 -0.362429 0.350589 -0.050336 -0.000022 0.067500 6.060606e-03
0.316583 0.149936 -0.764770 -0.116203 0.266149 -0.000016 0.067500 6.060606e-03
-0.096215 -0.437950 0.412268 0.352434 -0.062911 -0.000025 0.067500 6.060606e-03
0.394576 0.081531 -0.330304 -0.061669 0.328292 -0.000022 0.067500 6.060606e-03
0.447966 0.777300 0.062239 -0.616232 0.370847 0.000007 0.067500 6.060606e-03
-0.397416 -0.106568 0.616135 0.088306 -0.302987 0.000001 0.067500 6.060606e-03
-0.310012 0.328819 0.818590 -0.258720 -0.233327 0.000015 0.067500 6.060606e-03
-0.572469 0.458857 0.130393 -0.362394 -0.442489 0.000028 0.067500 6.060606e-03
0.526423 -0.263698 -0.436021 0.213508 0.433385 -0.000035 0.067500 6.060606e-03
-0.226124 0.310618 -0.738085 -0.244270 -0.166405 0.000009 0.067500 6.060606e-03
-0.303420 -0.244104 -0.481404 0.197894 -0.228027 -0.000008 0.067500 6.060606e-03
-0.504130 -0.599838 -0.371097 0.481443 -0.388005 -0.000013 0.067500 6.060606e-03
-0.058839 0.596108 0.429193 -0.471790 -0.033108 0.000017 0.067500 6.060606e-03
-0.297346 -0.944510 -0.105524 0.756176 -0.223201 -0.000034 0.067500 6.060606e-03
-0.337155 0.453507 -0.437680 -0.358151 -0.254912 0.000017 0.067500 6.060606e-03
0.719998 -0.286079 0.006625 0.231359 0.587646 -0.000043 0.067500 6.060606e-03
-0.589793 -0.035712 -0.495343 0.031793 -0.456278 0.000012 0.067500 6.060606e-03
-0.916436 -0.139680 0.313482 0.114692 -0.716659 0.000017 0.067500 6.060606e-03
-0.329185 0.086598 0.121626 -0.065678 -0.248583 0.000006 0.067500 6.060606e-03
0.738943 0.344203 0.106908 -0.271037 0.602754 -0.000022 0.067500 6.060606e-03
0.175976 0.836176 0.315028 -0.663145 0.154054 0.000017 0.067500 6.060606e-03
0.034608 -0.090389 0.457244 0.075404 0.041360 -0.000015 0.067500 6.060606e-03
-0.672567 0.163668 0.430119 -0.127093 -0.522286 0.000020 0.067500 6.060606e-03
0.084058 0.655785 -0.008030 -0.519374 0.080801 0.000012 0.067500 6.060606e-03
-0.916471 0.120612 -0.214984 -0.092798 -0.716668 0.000027 0.067500 6.060606e-03
-0.122247 -0.608436 -0.664376 0.488285 -0.083622 -0.000024 0.067500 6.060606e-03
-0.098288 -0.786567 0.387014 0.630302 -0.064564 -0.000037 0.067500 6.060606e-03
-0.337982 0.359682 0.315120 -0.283339 -0.255600 0.000017 0.067500 6.060606e-03
0.017194 -0.820206 -0.329310 0.657092 0.027503 -0.000040 0.067500 6.060606e-03
0.406502 0.774763 -0.239697 -0.614219 0.337808 0.000005 0.067500 6.060606e-03
0.537460 -0.062853 0.321715 0.053445 0.442148 -0.000028 0.067500 6.060606e-03
0.719530 0.743976 0.087117 -0.589675 0.587291 -0.000006 0.067500 6.060606e-03
-0.389068 -0.383885 0.588796 0.309346 -0.296332 -0.000012 0.067500 6.060606e-03
0.982735 -0.137596 0.082451 0.113000 0.797055 -0.000048 0.067500 6.060606e-03
0.219839 -0.547276 -0.380284 0.439546 0.189022 -0.000035 0.067500 6.060606e-03
-0.036281 0.137092 0.300589 -0.105921 -0.015133 -0.000002 0.067500 6.060606e-03
0.431760 -0.632790 0.486465 0.507736 0.357891 -0.000048 0.067500 6.060606e-03
0.264115 0.039902 0.560623 -0.028448 0.224282 -0.000016 0.067500 6.060606e-03
0.018544 0.032964 -0.224290 -0.022943 0.028580 -0.000008 0.067500 6.060606e-03
-0.741612 -0.369316 -0.556166 0.297695 -0.577285 0.000005 0.067500 6.060606e-03
0.375085 0.606808 -0.578370 -0.480358 0.312777 -0.000003 0.067500 6.060606e-03
0.429929 -0.189055 -0.789941 0.154000 0.356487 -0.000030 0.067500 6.060606e-03
0.114526 0.941731 0.055361 -0.747288 0.105086 0.000022 0.067500 6.060606e-03
-0.347167 0.067399 -0.604274 -0.050399 -0.262889 0.000006 0.067500 6.060606e-03
0.429013 0.333614 0.793093 -0.262549 0.355705 -0.000010 0.067500 6.060606e-03
-0.994376 -0.250232 -0.010706 0.202797 -0.778769 0.000017 0.067500 6.060606e-03
-0.466436 0.170683 0.632597 -0.132681 -0.357997 0.000014 0.067500 6.060606e-03
0.752135 -0.175677 0.495922 0.143378 0.613241 -0.000038 0.067500 6.060606e-03
-0.908454 -0.136167 -0.450609 0.111864 -0.710271 0.000018 0.067500 6.060606e-03
0.624282 -0.750738 0.153855 0.601744 0.511346 -0.000059 0.067500 6.060606e-03
0.389211 0.175059 -0.070020 -0.136209 0.324011 -0.000015 0.067500 6.060606e-03
-0.603775 -0.268003 0.445260 0.216977 -0.467457 0.000001 0.067500 6.060606e-03
-0.597013 0.756078 -0.154403 -0.599311 -0.462040 0.000037 0.067500 6.060606e-03
0.731701 0.659338 -0.248549 -0.522230 0.597007 -0.000009 0.067500 6.060606e-03
-0.181937 -0.179184 -0.125911 0.146161 -0.131214 -0.000009 0.067500 6.060606e-03
-0.773236 -0.162944 -0.204578 0.133215 -0.602502 0.000012 0.067500 6.060606e-03
0.703741 -0.519404 -0.351208 0.417330 0.574702 -0.000054 0.067500 6.060606e-03
-0.667944 -0.512131 0.342338 0.411560 -0.518600 -0.000007 0.067500 6.060606e-03
0.186995 -0.824059 0.375721 0.660186 0.162812 -0.000048 0.067500 6.060606e-03
0.089925 0.772244 -0.576707 -0.612215 0.085500 0.000016 0.067500 6.060606e-03
0.110142 0.353536 -0.148495 -0.278464 0.101592 -0.000001 0.067500 6.060606e-03
-0.435528 -0.378651 -0.681519 0.305130 -0.333317 -0.000006 0.067500 6.060606e-03
-0.289969 -0.238911 0.150195 0.193778 -0.217330 -0.000008 0.067500 6.060606e-03
-0.158599 -0.482384 0.778009 0.387863 -0.112647 -0.000025 0.067500 6.060606e-03
-0.759740 0.649542 0.066986 -0.514385 -0.591751 0.000040 0.067500 6.060606e-03
-0.407621 0.649104 0.378388 -0.514028 -0.311106 0.000030 0.067500 6.060606e-03
0.024705 0.598574 0.758923 -0.473742 0.033465 0.000014 0.067500 6.060606e-03
-0.547410 -0.794570 -0.142228 0.636666 -0.422510 -0.000019 0.067500 6.060606e-03
0.338972 0.808826 0.530081 -0.641339 0.283960 0.000011 0.067500 6.060606e-03
-0.421258 0.797084 -0.404546 -0.632005 -0.321944 0.000032 0.067500 6.060606e-03
-0.966496 0.138574 0.310717 -0.107096 -0.756559 0.000030 0.067500 6.060606e-03
-0.406080 -0.747614 0.479768 0.599259 -0.309886 -0.000025 0.067500 6.060606e-03
-0.070679 0.119488 -0.858687 -0.091929 -0.042505 -0.000003 0.067500 6.060606e-03
-0.827392 0.369142 0.082139 -0.290884 -0.645676 0.000033 0.067500 6.060606e-03
0.632987 0.189128 0.352029 -0.147409 0.518290 -0.000024 0.067500 6.060606e-03
-0.276793 -0.790852 -0.425323 0.633689 -0.206807 -0.000028 0.067500 6.060606e-03
0.836787 0.407036 -0.283456 -0.321130 0.680762 -0.000020 0.067500 6.060606e-03
-0.814579 -0.461644 -0.304661 0.371296 -0.635452 0.000004 0.067500 6.060606e-03
-0.674039 0.379947 0.649865 -0.299476 -0.523468 0.000029 0.067500 6.060606e-03
-0.340822 0.002402 0.865986 0.001459 -0.257888 0.000003 0.067500 6.060606e-03
-0.513749 -0.865212 0.121062 0.692980 -0.395689 -0.000024 0.067500 6.060606e-03
0.041545 0.006284 -0.634285 -0.001692 0.046930 -0.000011 0.067500 6.060606e-03
-0.518914 0.511654 -0.646387 -0.404504 -0.399777 0.000027 0.067500 6.060606e-03
0.103008 0.931913 -0.339846 -0.739473 0.095919 0.000020 0.067500 6.060606e-03
0.285335 0.328946 -0.397098 -0.258877 0.241233 -0.000006 0.067500 6.060606e-03
0.402422 -0.424727 -0.203740 0.341872 0.334539 -0.000037 0.067500 6.060606e-03
0.038040 0.669812 -0.304647 -0.530563 0.044133 0.000014 0.067500 6.060606e-03
0.224619 -0.232839 0.256846 0.188936 0.192805 -0.000025 0.067500 6.060606e-03
0.536148 -0.591823 -0.561070 0.475050 0.441137 -0.000048 0.067500 6.060606e-03
0.959655 0.008813 0.305872 -0.003697 0.778657 -0.000045 0.067500 6.060606e-03
-0.369190 0.001781 -0.333896 0.001913 -0.280452 0.000004 0.067500 6.060606e-03
0.124926 0.503385 -0.667948 -0.397920 0.113397 0.000003 0.067500 6.060606e-03
0.115030 -0.333137 0.826901 0.268901 0.105445 -0.000028 0.067500 6.060606e-03
0.004866 0.223412 0.857484 -0.174703 0.017645 -0.000002 0.067500 6.060606e-03
0.928627 0.223243 -0.109630 -0.174637 0.753946 -0.000033 0.067500 6.060606e-03
-0.132701 0.614098 -0.680961 -0.486162 -0.091942 0.000016 0.067500 6.060606e-03
-0.062342 -0.004941 0.064782 0.007281 -0.035898 -0.000006 0.067500 6.060606e-03
0.681182 -0.501568 0.458371 0.403143 0.556688 -0.000049 0.067500 6.060606e-03
0.364576 -0.536710 0.199012 0.431146 0.304355 -0.000043 0.067500 6.060606e-03
0.157160 -0.765712 -0.588944 0.613648 0.139070 -0.000043 0.067500 6.060606e-03
-0.259549 -0.728308 0.100984 0.583860 -0.193083 -0.000028 0.067500 6.060606e-03
-0.564741 -0.281709 0.014370 0.227886 -0.436329 -0.000000 0.067500 6.060606e-03
-0.513908 -0.345284 -0.261367 0.278550 -0.395802 -0.000004 0.067500 6.060606e-03
0.527529 0.506506 0.188874 -0.400392 0.434250 -0.000007 0.067500 6.060606e-03
-0.100372 0.783996 0.160547 -0.621558 -0.066202 0.000025 0.067500 6.060606e-03
-0.886902 -0.401616 0.225032 0.323468 -0.693115 0.000006 0.067500 6.060606e-03
0.371665 -0.783977 -0.306790 0.628218 0.310027 -0.000052 0.067500 6.060606e-03
0.168359 -0.478116 -0.652937 0.384410 0.147999 -0.000032 0.067500 6.060606e-03
0.796641 0.506062 0.374576 -0.400038 0.648738 -0.000020 0.067500 6.060606e-03
0.825168 -0.556133 0.051293 0.446626 0.671465 -0.000059 0.067500 6.060606e-03
0.553017 0.273205 -0.689405 -0.214459 0.454597 -0.000020 0.067500 6.060606e-03
-0.571766 0.247466 -0.392864 -0.193917 -0.441912 0.000021 0.067500 6.060606e-03
0.882085 -0.317684 -0.249292 0.256543 0.716847 -0.000052 0.067500 6.060606e-03
-0.543539 0.233407 -0.690011 -0.182723 -0.419404 0.000018 0.067500 6.060606e-03
0.001482 -0.277835 0.059738 0.224797 0.014968 -0.000019 0.067500 6.060606e-03
0.366167 -0.856185 0.137352 0.685788 0.305624 -0.000055 0.067500 6.060606e-03
-0.147330 0.080363 0.661974 -0.060689 -0.103657 -0.000002 0.067500 6.060606e-03
-0.497491 0.335762 -0.118412 -0.264286 -0.382719 0.000021 0.067500 6.060606e-03
0.660645 0.484368 -0.524766 -0.382770 0.540377 -0.000014 0.067500 6.060606e-03
0.823796 -0.352716 0.252371 0.284487 0.670365 -0.000048 0.067500 6.060606e-03
-1.008866 0.029040 0.065746 -0.019799 -0.790321 0.000027 0.067500 6.060606e-03
-0.220762 -0.075681 0.366896 0.063679 -0.162175 -0.000004 0.067500 6.060606e-03
2.614670 -0.643959 -0.071939 0.157168 0.637534 0.000924 0.035000 5.555556e-04
2.514527 -0.526135 -0.103033 0.128788 0.613902 0.002772 0.035000 5.555556e-04
2.408466 -0.684642 -0.140183 0.167653 0.588971 -0.001799 0.035000 5.555556e-04
2.303345 -0.546935 0.113295 0.131968 0.557567 0.000462 0.035000 5.555556e-04
2.400669 -0.593591 -0.026220 0.144524 0.584447 0.000231 0.035000 5.555556e-04
2.540062 -0.715867 0.082247 0.173316 0.615840 -0.001379 0.035000 5.555556e-04
2.346381 -0.691860 0.087455 0.167432 0.568627 -0.002505 0.035000 5.555556e-04
2.519399 -0.425462 0.069872 0.102810 0.611100 0.005133 0.035000 5.555556e-04
2.558141 -0.788140 -0.069047 0.192201 0.623722 -0.002887 0.035000 5.555556e-04
2.367261 -0.515247 -0.144757 0.126502 0.579057 0.001747 0.035000 5.555556e-04
2.672848 -0.502131 -0.107862 0.122994 0.652507 0.004695 0.035000 5.555556e-04
2.439050 -0.776722 0.006058 0.188773 0.593036 -0.003657 0.035000 5.555556e-04
2.456519 -0.565097 0.155423 0.136020 0.593839 0.001371 0.035000 5.555556e-04
2.708007 -0.561376 0.035536 0.136157 0.657751 0.003634 0.035000 5.555556e-04
2.257897 -0.576543 -0.022856 0.140348 0.549657 -0.000613 0.035000 5.555556e-04
2.399090 -0.416844 -0.029998 0.101580 0.584150 0.004290 0.035000 5.555556e-04
2.714753 -0.700840 0.052145 0.169924 0.659009 0.000479 0.035000 5.555556e-04
2.601415 -0.615289 0.160050 0.148185 0.628964 0.001469 0.035000 5.555556e-04
