24000.000004
0.701602 0.145305 0.513653 -0.043343 0.230484 -0.000446 0.067500 6.060606e-03
-0.194688 -0.266802 -0.847212 0.089855 -0.061136 0.000139 0.067500 6.060606e-03
-0.259070 0.870341 -0.441689 -0.279398 -0.081929 -0.000171 0.067500 6.060606e-03
-0.443231 0.259902 0.311187 -0.080676 -0.141537 0.000108 0.067500 6.060606e-03
-0.611164 -0.196344 0.327758 0.067569 -0.196095 0.000332 0.067500 6.060606e-03
-0.421329 0.782127 -0.181427 -0.250602 -0.134569 -0.000061 0.067500 6.060606e-03
0.021614 -0.446670 0.520285 0.148998 0.009553 0.000081 0.067500 6.060606e-03
0.309490 0.298313 0.155079 -0.093239 0.102978 -0.000291 0.067500 6.060606e-03
0.239244 -0.216750 0.842227 0.074461 0.080360 -0.000100 0.067500 6.060606e-03
0.130418 -0.229147 -0.496274 0.077800 0.044597 -0.000040 0.067500 6.060606e-03
-0.034828 -0.066252 0.830321 0.025559 -0.008690 -0.000004 0.067500 6.060606e-03
0.419938 0.918711 -0.037688 -0.294906 0.138806 -0.000535 0.067500 6.060606e-03
-0.326310 0.101739 -0.813008 -0.029867 -0.103889 0.000096 0.067500 6.060606e-03
0.188300 -0.443663 0.046529 0.147777 0.063566 -0.000005 0.067500 6.060606e-03
0.047939 0.455665 -0.187404 -0.144538 0.017896 -0.000203 0.067500 6.060606e-03
-0.886378 -0.093446 0.066344 0.034003 -0.285592 0.000442 0.067500 6.060606e-03
-0.407858 -0.822429 -0.026360 0.270803 -0.130150 0.000416 0.067500 6.060606e-03
0.029695 -0.982470 -0.118320 0.322753 0.011983 0.000239 0.067500 6.060606e-03
0.145606 -0.120977 -0.019719 0.042901 0.049676 -0.000080 0.067500 6.060606e-03
-0.194121 -0.605734 -0.053391 0.200384 -0.060714 0.000241 0.067500 6.060606e-03
-0.688959 0.397606 0.586928 -0.125274 -0.221292 0.000193 0.067500 6.060606e-03
0.657449 -0.177792 -0.440349 0.061141 0.215850 -0.000326 0.067500 6.060606e-03
-0.229406 -0.548851 0.584162 0.182231 -0.071985 0.000241 0.067500 6.060606e-03
0.432078 0.773324 0.456154 -0.247416 0.142899 -0.000497 0.067500 6.060606e-03
0.211327 0.245672 0.552649 -0.075930 0.071204 -0.000224 0.067500 6.060606e-03
-0.596652 0.376554 0.097472 -0.118686 -0.191449 0.000152 0.067500 6.060606e-03
0.275294 -0.459373 0.669506 0.153201 0.092019 -0.000045 0.067500 6.060606e-03
0.438358 -0.339080 -0.595569 0.113466 0.144619 -0.000164 0.067500 6.060606e-03
-0.449995 0.387987 -0.193584 -0.122550 -0.143887 0.000073 0.067500 6.060606e-03
0.192759 0.707999 -0.215296 -0.226536 0.064941 -0.000354 0.067500 6.060606e-03
-0.354905 -0.573755 0.163525 0.190106 -0.112887 0.000314 0.067500 6.060606e-03
-0.599576 0.569710 -0.467422 -0.181734 -0.192569 0.000095 0.067500 6.060606e-03
-0.027334 -0.315767 -0.185549 0.106104 -0.006563 0.000068 0.067500 6.060606e-03
0.516466 -0.246863 0.638074 0.084139 0.170367 -0.000233 0.067500 6.060606e-03
-0.349682 0.912355 0.363084 -0.292634 -0.111126 -0.000137 0.067500 6.060606e-03
0.446417 0.062211 0.277987 -0.016466 0.147502 -0.000290 0.067500 6.060606e-03
0.151862 0.931043 0.129024 -0.298827 0.051758 -0.000400 0.067500 6.060606e-03
0.168253 0.722475 0.656687 -0.230791 0.057241 -0.000345 0.067500 6.060606e-03
0.629089 0.047096 -0.245061 -0.011825 0.206695 -0.000379 0.067500 6.060606e-03
0.716584 -0.571290 -0.358424 0.189032 0.235086 -0.000238 0.067500 6.060606e-03
-0.488304 -0.205876 -0.159904 0.070415 -0.156325 0.000271 0.067500 6.060606e-03
0.152501 0.203432 -0.491784 -0.062744 0.051776 -0.000181 0.067500 6.060606e-03
0.563488 -0.375396 -0.067430 0.125536 0.185432 -0.000218 0.067500 6.060606e-03
-0.314511 -0.305364 -0.364366 0.102633 -0.099921 0.000212 0.067500 6.060606e-03
0.340440 -0.052992 -0.768269 0.020426 0.112753 -0.000201 0.067500 6.060606e-03
-0.330065 -0.299824 0.414621 0.101234 -0.104740 0.000218 0.067500 6.060606e-03
0.363585 -0.152062 -0.332313 0.052838 0.120404 -0.000183 0.067500 6.060606e-03
0.802282 0.386024 0.064492 -0.121784 0.263060 -0.000570 0.067500 6.060606e-03
-0.389125 0.141184 0.619354 -0.041945 -0.123866 0.000116 0.067500 6.060606e-03
-0.071436 0.447727 0.823956 -0.141438 -0.020585 -0.000140 0.067500 6.060606e-03
-0.209148 0.702050 0.130927 -0.224424 -0.065536 -0.000146 0.067500 6.060606e-03
0.278382 -0.509650 -0.437438 0.168967 0.092689 -0.000031 0.067500 6.060606e-03
-0.011609 0.386400 -0.742287 -0.122319 -0.001619 -0.000152 0.067500 6.060606e-03
-0.388365 -0.023785 -0.483382 0.011086 -0.123951 0.000165 0.067500 6.060606e-03
-0.753911 -0.201078 -0.372445 0.068747 -0.242685 0.000407 0.067500 6.060606e-03
0.285406 0.523534 0.433520 -0.166270 0.095238 -0.000346 0.067500 6.060606e-03
-0.779908 -0.598761 -0.106074 0.198093 -0.251052 0.000540 0.067500 6.060606e-03
-0.020827 0.566234 -0.440115 -0.180592 -0.004522 -0.000202 0.067500 6.060606e-03
0.422671 -0.636756 0.007857 0.210492 0.139701 -0.000067 0.067500 6.060606e-03
-0.504359 0.308948 -0.496983 -0.097027 -0.161641 0.000125 0.067500 6.060606e-03
-0.829738 0.409612 0.313581 -0.129315 -0.267114 0.000262 0.067500 6.060606e-03
-0.221887 0.261390 0.123311 -0.081256 -0.069679 -0.000006 0.067500 6.060606e-03
0.792058 -0.131209 0.108289 0.046287 0.259750 -0.000409 0.067500 6.060606e-03
0.613605 0.586302 0.318237 -0.186724 0.201836 -0.000534 0.067500 6.060606e-03
-0.026352 -0.089596 0.460865 0.032953 -0.006048 -0.000001 0.067500 6.060606e-03
-0.458744 0.518768 0.432102 -0.164720 -0.146541 0.000038 0.067500 6.060606e-03
0.435419 0.491265 -0.007165 -0.156013 0.143844 -0.000414 0.067500 6.060606e-03
-0.682395 0.622300 -0.215382 -0.198691 -0.219401 0.000122 0.067500 6.060606e-03
-0.447715 -0.423630 -0.667804 0.140902 -0.143291 0.000317 0.067500 6.060606e-03
-0.529665 -0.583272 0.388688 0.193314 -0.169598 0.000406 0.067500 6.060606e-03
-0.075208 0.488585 0.317931 -0.154973 -0.021963 -0.000150 0.067500 6.060606e-03
-0.453250 -0.675231 -0.330802 0.222822 -0.144989 0.000395 0.067500 6.060606e-03
0.766635 0.408079 -0.239531 -0.129106 0.251387 -0.000559 0.067500 6.060606e-03
0.398965 -0.350669 0.325003 0.117705 0.132096 -0.000141 0.067500 6.060606e-03
1.004929 0.204111 0.088388 -0.062669 0.328908 -0.000620 0.067500 6.060606e-03
-0.539373 -0.090235 0.591363 0.033229 -0.172690 0.000263 0.067500 6.060606e-03
0.721069 -0.662207 0.083699 0.218799 0.236675 -0.000213 0.067500 6.060606e-03
-0.132831 -0.567388 -0.381593 0.187756 -0.040899 0.000198 0.067500 6.060606e-03
0.045171 0.136449 0.303762 -0.040570 0.017143 -0.000106 0.067500 6.060606e-03
-0.009510 -0.757511 0.488562 0.249975 -0.000571 0.000191 0.067500 6.060606e-03
0.234387 -0.112704 0.565108 0.040514 0.078698 -0.000128 0.067500 6.060606e-03
0.030845 0.020851 -0.224946 -0.003285 0.012329 -0.000064 0.067500 6.060606e-03
-0.818041 0.122039 -0.557884 -0.036331 -0.263577 0.000343 0.067500 6.060606e-03
0.646578 0.287639 -0.581043 -0.090150 0.212276 -0.000461 0.067500 6.060606e-03
0.241225 -0.394349 -0.793248 0.131322 0.080509 -0.000046 0.067500 6.060606e-03
0.622497 0.707824 0.057680 -0.226340 0.204647 -0.000575 0.067500 6.060606e-03
-0.248034 0.255980 -0.607537 -0.079875 -0.078394 0.000009 0.067500 6.060606e-03
0.536296 0.033492 0.798573 -0.006866 0.176860 -0.000328 0.067500 6.060606e-03
-0.955950 0.362021 -0.011263 -0.114020 -0.308218 0.000341 0.067500 6.060606e-03
-0.288404 0.407365 0.636882 -0.128420 -0.091135 -0.000016 0.067500 6.060606e-03
0.511984 -0.563758 0.498422 0.187027 0.168868 -0.000135 0.067500 6.060606e-03
-0.822409 0.407923 -0.451374 -0.129161 -0.264963 0.000259 0.067500 6.060606e-03
0.081753 -0.961801 0.155072 0.316178 0.028979 0.000206 0.067500 6.060606e-03
0.412834 -0.072673 -0.070076 0.027179 0.136485 -0.000232 0.067500 6.060606e-03
-0.647895 0.126565 0.446696 -0.037284 -0.207993 0.000253 0.067500 6.060606e-03
-0.060641 0.958684 -0.154102 -0.307953 -0.017371 -0.000300 0.067500 6.060606e-03
0.965484 0.130412 -0.247923 -0.038897 0.315991 -0.000577 0.067500 6.060606e-03
-0.252408 -0.038812 -0.125711 0.016152 -0.079671 0.000100 0.067500 6.060606e-03
-0.726498 0.308892 -0.205368 -0.096858 -0.233727 0.000239 0.067500 6.060606e-03
0.277992 -0.819101 -0.351256 0.269553 0.092586 0.000062 0.067500 6.060606e-03
-0.839253 -0.035880 0.343031 0.015442 -0.270197 0.000401 0.067500 6.060606e-03
-0.317815 -0.774987 0.376602 0.255596 -0.100773 0.000355 0.067500 6.060606e-03
0.508424 0.584808 -0.578500 -0.186699 0.167391 -0.000479 0.067500 6.060606e-03
0.287246 0.229776 -0.148972 -0.071127 0.095658 -0.000259 0.067500 6.060606e-03
-0.573439 -0.058744 -0.683958 0.022342 -0.184143 0.000271 0.067500 6.060606e-03
-0.374280 -0.026297 0.150988 0.012229 -0.119184 0.000159 0.067500 6.060606e-03
-0.407380 -0.301653 0.782212 0.102018 -0.129749 0.000258 0.067500 6.060606e-03
-0.253642 0.964318 0.067953 -0.309669 -0.080011 -0.000202 0.067500 6.060606e-03
0.031611 0.765630 0.381580 -0.244954 0.012763 -0.000288 0.067500 6.060606e-03
0.354934 0.478956 0.764053 -0.151616 0.117926 -0.000368 0.067500 6.060606e-03
-0.898671 -0.335251 -0.142118 0.112459 -0.289649 0.000522 0.067500 6.060606e-03
0.731266 0.472270 0.533901 -0.149564 0.240129 -0.000560 0.067500 6.060606e-03
0.105976 0.894060 -0.404869 -0.287086 0.036688 -0.000366 0.067500 6.060606e-03
-0.712845 0.664423 0.311259 -0.212106 -0.229136 0.000125 0.067500 6.060606e-03
-0.759085 -0.376745 0.481362 0.126262 -0.244109 0.000462 0.067500 6.060606e-03
0.007357 0.141998 -0.863747 -0.042974 0.004506 -0.000088 0.067500 6.060606e-03
-0.468283 0.774381 0.082347 -0.247950 -0.149745 -0.000034 0.067500 6.060606e-03
0.619844 -0.198500 0.355681 0.068279 0.203870 -0.000301 0.067500 6.060606e-03
-0.677037 -0.486026 -0.426842 0.161300 -0.217725 0.000453 0.067500 6.060606e-03
0.909988 -0.136969 -0.283152 0.047958 0.297948 -0.000468 0.067500 6.060606e-03
-0.929830 0.087527 -0.305515 -0.024987 -0.299821 0.000411 0.067500 6.060606e-03
-0.338298 0.696590 0.652540 -0.222382 -0.107341 -0.000077 0.067500 6.060606e-03
-0.282165 0.198291 0.870875 -0.060371 -0.089038 0.000044 0.067500 6.060606e-03
-0.911549 -0.412303 0.120962 0.137629 -0.293753 0.000551 0.067500 6.060606e-03
0.035033 -0.014202 -0.637368 0.007892 0.013565 -0.000055 0.067500 6.060606e-03
-0.136252 0.717633 -0.648351 -0.229889 -0.042087 -0.000188 0.067500 6.060606e-03
0.609455 0.706554 -0.339481 -0.226132 0.200289 -0.000568 0.067500 6.060606e-03
0.415075 0.110936 -0.398847 -0.032645 0.137115 -0.000288 0.067500 6.060606e-03
0.085436 -0.570194 -0.204572 0.188758 0.030069 0.000087 0.067500 6.060606e-03
0.407161 0.529020 -0.305428 -0.168433 0.134573 -0.000410 0.067500 6.060606e-03
0.047579 -0.312320 0.259204 0.105212 0.017910 0.000028 0.067500 6.060606e-03
0.100056 -0.783029 -0.562755 0.257726 0.034711 0.000143 0.067500 6.060606e-03
0.784867 -0.529081 0.307534 0.175661 0.257472 -0.000286 0.067500 6.060606e-03
-0.302317 0.214960 -0.335779 -0.066407 -0.095949 0.000049 0.067500 6.060606e-03
0.384725 0.345203 -0.671365 -0.108898 0.127173 -0.000344 0.067500 6.060606e-03
-0.098910 -0.335257 0.831519 0.112960 -0.029511 0.000110 0.067500 6.060606e-03
0.126042 0.183210 0.863880 -0.055475 0.043588 -0.000162 0.067500 6.060606e-03
0.880507 -0.338251 -0.108713 0.113444 0.288422 -0.000392 0.067500 6.060606e-03
0.237741 0.581760 -0.683834 -0.185762 0.079414 -0.000339 0.067500 6.060606e-03
-0.056020 0.035245 0.066584 -0.007811 -0.015806 -0.000023 0.067500 6.060606e-03
0.269094 -0.790903 0.460845 0.260809 0.089939 0.000058 0.067500 6.060606e-03
-0.009726 -0.639582 0.199924 0.211511 -0.000728 0.000156 0.067500 6.060606e-03
-0.308628 -0.709161 -0.590903 0.233712 -0.098080 0.000331 0.067500 6.060606e-03
-0.627144 -0.443458 0.101306 0.147741 -0.201356 0.000414 0.067500 6.060606e-03
-0.622546 0.093887 0.014323 -0.026889 -0.199887 0.000250 0.067500 6.060606e-03
-0.616555 0.012554 -0.262492 -0.000606 -0.198024 0.000272 0.067500 6.060606e-03
0.713091 0.118916 0.191297 -0.034935 0.234119 -0.000444 0.067500 6.060606e-03
0.358021 0.699027 0.163180 -0.223427 0.118749 -0.000436 0.067500 6.060606e-03
-0.954781 0.178515 0.224720 -0.054276 -0.307768 0.000396 0.067500 6.060606e-03
-0.143875 -0.846226 -0.307181 0.278390 -0.044466 0.000287 0.067500 6.060606e-03
-0.135785 -0.481835 -0.655515 0.159819 -0.041941 0.000174 0.067500 6.060606e-03
0.932956 -0.032601 0.377111 0.014388 0.305610 -0.000512 0.067500 6.060606e-03
0.356243 -0.916770 0.052475 0.301494 0.118130 0.000051 0.067500 6.060606e-03
0.604174 -0.085686 -0.692318 0.031087 0.198465 -0.000326 0.067500 6.060606e-03
-0.329150 0.530278 -0.394342 -0.168885 -0.104684 -0.000032 0.067500 6.060606e-03
0.537380 -0.754271 -0.248555 0.248542 0.176893 -0.000091 0.067500 6.060606e-03
-0.314707 0.504107 -0.692541 -0.160536 -0.100082 -0.000032 0.067500 6.060606e-03
-0.158560 -0.223356 0.060355 0.076207 -0.049124 0.000107 0.067500 6.060606e-03
-0.189022 -0.901653 0.137595 0.296627 -0.059001 0.000327 0.067500 6.060606e-03
-0.078879 0.152493 0.666580 -0.045596 -0.023052 -0.000047 0.067500 6.060606e-03
-0.217599 0.560041 -0.118769 -0.178413 -0.068358 -0.000098 0.067500 6.060606e-03
0.810667 0.026004 -0.525813 -0.005117 0.265606 -0.000466 0.067500 6.060606e-03
0.470145 -0.749161 0.253798 0.247140 0.155199 -0.000057 0.067500 6.060606e-03
-0.809896 0.599090 0.065669 -0.191005 -0.260742 0.000194 0.067500 6.060606e-03
-0.225880 0.066809 0.369717 -0.017909 -0.070902 0.000054 0.067500 6.060606e-03
2.134649 -2.305684 0.012768 0.413289 0.416291 -0.034603 0.035000 5.555556e-04
2.001472 -2.223770 0.033513 0.419760 0.418534 -0.001887 0.035000 5.555556e-04
2.060281 -2.167867 -0.143033 0.370141 0.407286 -0.021975 0.035000 5.555556e-04
1.808121 -2.341345 -0.167958 0.361782 0.407654 0.060098 0.035000 5.555556e-04
1.950863 -2.257687 -0.106841 0.379734 0.410324 0.014531 0.035000 5.555556e-04
2.083656 -2.426072 -0.119249 0.374992 0.408592 -0.012779 0.035000 5.555556e-04
1.945402 -2.352311 -0.235498 0.342578 0.402505 0.021873 0.035000 5.555556e-04
1.872005 -2.371152 0.073513 0.430006 0.421955 0.043823 0.035000 5.555556e-04
2.199643 -2.303893 -0.127859 0.373467 0.407195 -0.053127 0.035000 5.555556e-04
1.917873 -2.126869 -0.051036 0.396497 0.413975 0.015864 0.035000 5.555556e-04
2.084157 -2.278214 0.159375 0.455035 0.425624 -0.021980 0.035000 5.555556e-04
2.091201 -2.324557 -0.215944 0.348333 0.402615 -0.021132 0.035000 5.555556e-04
1.900266 -2.441793 -0.084588 0.384693 0.412075 0.040147 0.035000 5.555556e-04
2.095899 -2.430066 0.113308 0.440883 0.422730 -0.016007 0.035000 5.555556e-04
1.849631 -2.202966 -0.192889 0.355723 0.405811 0.039862 0.035000 5.555556e-04
1.827504 -2.231964 0.017249 0.415070 0.418831 0.047903 0.035000 5.555556e-04
2.191752 -2.464953 0.016453 0.413193 0.416105 -0.041026 0.035000 5.555556e-04
2.023246 -2.508724 -0.021981 0.401948 0.415000 0.009399 0.035000 5.555556e-04
