54000.001933
0.076777 0.718179 0.511753 -0.572935 0.058458 0.000939 0.067500 6.060606e-03
0.238309 -0.258962 -0.842178 0.205726 0.187664 0.000563 0.067500 6.060606e-03
-0.880850 -0.024205 -0.438928 0.018464 -0.701034 -0.001796 0.067500 6.060606e-03
-0.336950 -0.364533 0.310268 0.286916 -0.269824 -0.000803 0.067500 6.060606e-03
0.061263 -0.646971 0.326460 0.511074 0.046270 -0.000114 0.067500 6.060606e-03
-0.838002 -0.204914 -0.179381 0.161315 -0.667211 -0.001826 0.067500 6.060606e-03
0.472381 -0.098086 0.517571 0.074956 0.372483 0.001218 0.067500 6.060606e-03
-0.176079 0.378952 0.155521 -0.302854 -0.142033 0.000115 0.067500 6.060606e-03
0.306147 0.173930 0.837754 -0.141681 0.240288 0.001046 0.067500 6.060606e-03
0.288097 0.065789 -0.493161 -0.052835 0.226934 0.000913 0.067500 6.060606e-03
0.087805 -0.051947 0.825848 0.037638 0.066970 0.000389 0.067500 6.060606e-03
-0.751602 0.649642 -0.036248 -0.517309 -0.598820 -0.000983 0.067500 6.060606e-03
-0.153126 -0.289964 -0.807869 0.230254 -0.123094 -0.000345 0.067500 6.060606e-03
0.513994 0.064300 0.046014 -0.052875 0.405865 0.001427 0.067500 6.060606e-03
-0.399472 0.166006 -0.184093 -0.133082 -0.319126 -0.000566 0.067500 6.060606e-03
-0.111702 -0.887796 0.066526 0.702824 -0.090839 -0.000682 0.067500 6.060606e-03
0.723933 -0.614299 -0.027297 0.485941 0.572566 0.001404 0.067500 6.060606e-03
0.993700 -0.231145 -0.118927 0.182010 0.786771 0.002295 0.067500 6.060606e-03
0.188514 0.107966 -0.019340 -0.087385 0.147537 0.000727 0.067500 6.060606e-03
0.569525 -0.349493 -0.053567 0.275805 0.450016 0.001249 0.067500 6.060606e-03
-0.534583 -0.565989 0.586509 0.446200 -0.426907 -0.001398 0.067500 6.060606e-03
0.377236 0.591069 -0.437343 -0.469900 0.297664 0.001496 0.067500 6.060606e-03
0.504294 -0.368174 0.581575 0.289199 0.397764 0.001088 0.067500 6.060606e-03
-0.605352 0.622565 0.455921 -0.496926 -0.483031 -0.000650 0.067500 6.060606e-03
-0.150322 0.269408 0.549370 -0.216804 -0.121865 0.000099 0.067500 6.060606e-03
-0.490806 -0.482502 0.098474 0.381035 -0.391799 -0.001240 0.067500 6.060606e-03
0.551683 0.144849 0.666398 -0.118215 0.435323 0.001574 0.067500 6.060606e-03
0.475821 0.335645 -0.591725 -0.266810 0.376029 0.001532 0.067500 6.060606e-03
-0.463694 -0.336881 -0.191568 0.266100 -0.370071 -0.001073 0.067500 6.060606e-03
-0.606609 0.372553 -0.212613 -0.296960 -0.483547 -0.000879 0.067500 6.060606e-03
0.496365 -0.497452 0.162445 0.392763 0.391782 0.000976 0.067500 6.060606e-03
-0.678804 -0.433026 -0.465036 0.343035 -0.540625 -0.001634 0.067500 6.060606e-03
0.331657 -0.110690 -0.184736 0.086551 0.261288 0.000887 0.067500 6.060606e-03
0.409042 0.434010 0.634076 -0.347666 0.322118 0.001474 0.067500 6.060606e-03
-0.946545 -0.101194 0.364288 0.077754 -0.753769 -0.001981 0.067500 6.060606e-03
0.090467 0.449859 0.276632 -0.359412 0.069493 0.000764 0.067500 6.060606e-03
-0.832341 0.391048 0.130311 -0.312424 -0.662971 -0.001354 0.067500 6.060606e-03
-0.623773 0.352062 0.654872 -0.282672 -0.497775 -0.000895 0.067500 6.060606e-03
0.152510 0.623147 -0.242455 -0.495796 0.119125 0.001016 0.067500 6.060606e-03
0.775242 0.545626 -0.357755 -0.434012 0.613547 0.002367 0.067500 6.060606e-03
0.102815 -0.530644 -0.159047 0.419835 0.079610 0.000063 0.067500 6.060606e-03
-0.126102 0.201576 -0.487339 -0.160621 -0.101879 0.000072 0.067500 6.060606e-03
0.546713 0.447379 -0.067002 -0.356687 0.431925 0.001779 0.067500 6.060606e-03
0.245597 -0.387681 -0.362176 0.306815 0.193103 0.000489 0.067500 6.060606e-03
0.171925 0.316720 -0.763278 -0.251400 0.134915 0.000832 0.067500 6.060606e-03
0.236113 -0.400778 0.412544 0.315460 0.185002 0.000461 0.067500 6.060606e-03
0.276203 0.313863 -0.328968 -0.250108 0.217382 0.001071 0.067500 6.060606e-03
-0.130252 0.880253 0.065007 -0.700544 -0.105604 0.000583 0.067500 6.060606e-03
-0.207363 -0.341347 0.617110 0.267821 -0.167187 -0.000490 0.067500 6.060606e-03
-0.420431 0.047814 0.820468 -0.041542 -0.336480 -0.000671 0.067500 6.060606e-03
-0.705893 -0.020506 0.132556 0.014234 -0.562578 -0.001383 0.067500 6.060606e-03
0.599183 0.134669 -0.435424 -0.107638 0.473837 0.001668 0.067500 6.060606e-03
-0.346712 0.090330 -0.736247 -0.071766 -0.276823 -0.000510 0.067500 6.060606e-03
-0.048453 -0.384378 -0.480745 0.304461 -0.040237 -0.000171 0.067500 6.060606e-03
0.027078 -0.785992 -0.371174 0.623006 0.019643 -0.000296 0.067500 6.060606e-03
-0.400824 0.414681 0.431608 -0.331848 -0.320646 -0.000346 0.067500 6.060606e-03
0.407525 -0.917103 -0.106331 0.726480 0.321457 0.000468 0.067500 6.060606e-03
-0.523222 0.127747 -0.435531 -0.102148 -0.417156 -0.000876 0.067500 6.060606e-03
0.762309 0.241432 0.007181 -0.193387 0.603007 0.002118 0.067500 6.060606e-03
-0.401740 -0.409194 -0.494228 0.324187 -0.320671 -0.000990 0.067500 6.060606e-03
-0.583649 -0.700273 0.314400 0.553408 -0.465655 -0.001608 0.067500 6.060606e-03
-0.280171 -0.148816 0.123000 0.116110 -0.224617 -0.000517 0.067500 6.060606e-03
0.371208 0.735861 0.108759 -0.586054 0.292495 0.001601 0.067500 6.060606e-03
-0.375849 0.749788 0.317932 -0.597575 -0.300763 -0.000046 0.067500 6.060606e-03
0.112570 -0.050643 0.458238 0.037431 0.086897 0.000445 0.067500 6.060606e-03
-0.592106 -0.311332 0.431669 0.244410 -0.472461 -0.001336 0.067500 6.060606e-03
-0.330528 0.553068 -0.005495 -0.440694 -0.264547 -0.000106 0.067500 6.060606e-03
-0.751946 -0.500256 -0.213510 0.395830 -0.598869 -0.001847 0.067500 6.060606e-03
0.324414 -0.546315 -0.664509 0.433419 0.255886 0.000552 0.067500 6.060606e-03
0.458878 -0.668893 0.386557 0.528342 0.361860 0.000764 0.067500 6.060606e-03
-0.462383 0.054241 0.317055 -0.045510 -0.369417 -0.000766 0.067500 6.060606e-03
0.567890 -0.619171 -0.329874 0.490492 0.448919 0.001048 0.067500 6.060606e-03
-0.160765 0.852085 -0.236914 -0.677513 -0.129609 0.000478 0.067500 6.060606e-03
0.479383 0.294300 0.322741 -0.236065 0.378186 0.001521 0.067500 6.060606e-03
0.099031 1.029461 0.089789 -0.819076 0.076460 0.001202 0.067500 6.060606e-03
-0.022523 -0.548172 0.589194 0.432057 -0.020436 -0.000230 0.067500 6.060606e-03
0.867844 0.524045 0.083292 -0.417888 0.686726 0.002565 0.067500 6.060606e-03
0.547206 -0.279781 -0.380273 0.221210 0.432535 0.001248 0.067500 6.060606e-03
-0.088305 0.078084 0.302052 -0.064393 -0.072450 0.000089 0.067500 6.060606e-03
0.765617 -0.210185 0.486305 0.164004 0.605276 0.001794 0.067500 6.060606e-03
0.204455 0.196627 0.561879 -0.159073 0.159764 0.000836 0.067500 6.060606e-03
0.019918 0.034507 -0.223040 -0.028613 0.013846 0.000286 0.067500 6.060606e-03
-0.303283 -0.762125 -0.555755 0.604475 -0.242468 -0.001023 0.067500 6.060606e-03
-0.077143 0.703757 -0.575910 -0.559028 -0.062939 0.000543 0.067500 6.060606e-03
0.476820 0.130267 -0.789167 -0.103349 0.376963 0.001385 0.067500 6.060606e-03
-0.491183 0.791483 0.058483 -0.630080 -0.392203 -0.000273 0.067500 6.060606e-03
-0.282601 -0.173938 -0.602956 0.137696 -0.226022 -0.000552 0.067500 6.060606e-03
0.141915 0.527199 0.794935 -0.421996 0.109948 0.000943 0.067500 6.060606e-03
-0.572580 -0.834536 -0.010020 0.660717 -0.456632 -0.001683 0.067500 6.060606e-03
-0.438609 -0.173609 0.634157 0.134637 -0.350768 -0.000883 0.067500 6.060606e-03
0.716533 0.345843 0.496701 -0.277377 0.566311 0.002092 0.067500 6.060606e-03
-0.580881 -0.691251 -0.449686 0.547976 -0.462902 -0.001599 0.067500 6.060606e-03
0.988382 -0.176011 0.153433 0.137629 0.782351 0.002322 0.067500 6.060606e-03
0.212260 0.381597 -0.068491 -0.304453 0.166428 0.000975 0.067500 6.060606e-03
-0.261603 -0.597449 0.445903 0.471493 -0.210112 -0.000806 0.067500 6.060606e-03
-0.916365 0.191620 -0.151593 -0.153507 -0.729454 -0.001710 0.067500 6.060606e-03
0.162287 0.972983 -0.246010 -0.773467 0.126927 0.001289 0.067500 6.060606e-03
0.003204 -0.257061 -0.125106 0.202598 0.000509 0.000039 0.067500 6.060606e-03
-0.459821 -0.625100 -0.203721 0.494912 -0.366984 -0.001275 0.067500 6.060606e-03
0.899584 0.052965 -0.351145 -0.042982 0.712234 0.002289 0.067500 6.060606e-03
-0.153738 -0.825431 0.342471 0.652697 -0.124410 -0.000732 0.067500 6.060606e-03
0.701287 -0.513939 0.375167 0.405367 0.554293 0.001424 0.067500 6.060606e-03
-0.401807 0.646836 -0.573901 -0.513852 -0.320700 -0.000231 0.067500 6.060606e-03
-0.116230 0.338720 -0.146566 -0.270239 -0.094302 0.000199 0.067500 6.060606e-03
-0.063231 -0.572066 -0.681144 0.453897 -0.051822 -0.000342 0.067500 6.060606e-03
-0.040625 -0.372743 0.150886 0.293795 -0.034479 -0.000145 0.067500 6.060606e-03
0.217489 -0.475517 0.778205 0.373963 0.169947 0.000365 0.067500 6.060606e-03
-0.972019 0.004983 0.069575 -0.005858 -0.773777 -0.001969 0.067500 6.060606e-03
-0.701881 0.230814 0.380937 -0.185806 -0.559582 -0.001173 0.067500 6.060606e-03
-0.338016 0.469810 0.761335 -0.376365 -0.271017 -0.000165 0.067500 6.060606e-03
0.119610 -0.963243 -0.142704 0.763188 0.092934 -0.000216 0.067500 6.060606e-03
-0.233224 0.833406 0.532914 -0.664445 -0.187671 0.000331 0.067500 6.060606e-03
-0.808634 0.336517 -0.401646 -0.267954 -0.643754 -0.001371 0.067500 6.060606e-03
-0.801037 -0.519533 0.312226 0.409941 -0.638222 -0.001965 0.067500 6.060606e-03
0.198403 -0.837332 0.479401 0.661836 0.155024 0.000053 0.067500 6.060606e-03
-0.104916 0.044291 -0.857266 -0.034947 -0.084789 0.000005 0.067500 6.060606e-03
-0.843303 -0.253177 0.084130 0.199028 -0.671611 -0.001867 0.067500 6.060606e-03
0.390328 0.548599 0.353566 -0.437983 0.307479 0.001510 0.067500 6.060606e-03
0.323910 -0.785787 -0.425820 0.622968 0.255317 0.000376 0.067500 6.060606e-03
0.405120 0.847559 -0.281437 -0.673846 0.319695 0.001744 0.067500 6.060606e-03
-0.299344 -0.880152 -0.304434 0.697596 -0.239522 -0.001100 0.067500 6.060606e-03
-0.732125 -0.147093 0.651861 0.113540 -0.583775 -0.001525 0.067500 6.060606e-03
-0.233850 -0.221923 0.867198 0.172460 -0.188397 -0.000461 0.067500 6.060606e-03
0.191210 -0.996056 0.120432 0.788640 0.149578 -0.000077 0.067500 6.060606e-03
0.054125 0.029531 -0.633099 -0.023738 0.041302 0.000356 0.067500 6.060606e-03
-0.700033 0.055572 -0.644100 -0.044390 -0.557350 -0.001332 0.067500 6.060606e-03
-0.494191 0.777155 -0.336700 -0.617839 -0.394266 -0.000342 0.067500 6.060606e-03
0.033296 0.433038 -0.395232 -0.344550 0.024593 0.000602 0.067500 6.060606e-03
0.608270 -0.068756 -0.203479 0.053306 0.480881 0.001541 0.067500 6.060606e-03
-0.375166 0.534640 -0.302064 -0.425408 -0.299761 -0.000239 0.067500 6.060606e-03
0.349353 -0.037064 0.257532 0.027105 0.275017 0.000984 0.067500 6.060606e-03
0.817652 -0.110000 -0.561174 0.086852 0.647348 0.001985 0.067500 6.060606e-03
0.756257 0.620890 0.307005 -0.495265 0.597986 0.002389 0.067500 6.060606e-03
-0.256839 -0.238763 -0.332711 0.188540 -0.205765 -0.000538 0.067500 6.060606e-03
-0.202104 0.463723 -0.665716 -0.368296 -0.162087 0.000089 0.067500 6.060606e-03
0.330889 -0.185247 0.827403 0.143443 0.259928 0.000834 0.067500 6.060606e-03
-0.111605 0.169738 0.859139 -0.138400 -0.091358 0.000115 0.067500 6.060606e-03
0.593933 0.765701 -0.108023 -0.609267 0.469451 0.002121 0.067500 6.060606e-03
-0.470484 0.382643 -0.678475 -0.303922 -0.375122 -0.000580 0.067500 6.060606e-03
-0.017157 -0.047025 0.065954 0.035446 -0.015793 0.000151 0.067500 6.060606e-03
0.871956 0.050827 0.458478 -0.043116 0.689709 0.002226 0.067500 6.060606e-03
0.651950 -0.179456 0.199049 0.140264 0.515260 0.001561 0.067500 6.060606e-03
0.639539 -0.486974 -0.589393 0.386146 0.505986 0.001305 0.067500 6.060606e-03
0.297572 -0.727642 0.100638 0.575622 0.234022 0.000359 0.067500 6.060606e-03
-0.223520 -0.582139 0.014973 0.460315 -0.179563 -0.000710 0.067500 6.060606e-03
-0.144083 -0.597638 -0.260908 0.473242 -0.116307 -0.000543 0.067500 6.060606e-03
0.105130 0.723933 0.191077 -0.576768 0.081198 0.000997 0.067500 6.060606e-03
-0.553909 0.532202 0.163366 -0.424517 -0.442003 -0.000620 0.067500 6.060606e-03
-0.392587 -0.881592 0.225397 0.697540 -0.313923 -0.001311 0.067500 6.060606e-03
0.815834 -0.363329 -0.307277 0.287362 0.645720 0.001795 0.067500 6.060606e-03
0.462927 -0.259549 -0.652786 0.205763 0.365835 0.001073 0.067500 6.060606e-03
0.311580 0.896463 0.376726 -0.714148 0.244965 0.001597 0.067500 6.060606e-03
1.016676 0.102383 0.051276 -0.083118 0.804885 0.002591 0.067500 6.060606e-03
0.273586 0.563120 -0.687647 -0.447153 0.215568 0.001244 0.067500 6.060606e-03
-0.570058 -0.181022 -0.391143 0.142834 -0.454365 -0.001207 0.067500 6.060606e-03
0.906311 0.321960 -0.248808 -0.256727 0.717502 0.002503 0.067500 6.060606e-03
-0.539847 -0.173152 -0.688322 0.137263 -0.430162 -0.001134 0.067500 6.060606e-03
0.207316 -0.214803 0.060332 0.168633 0.162407 0.000530 0.067500 6.060606e-03
0.858725 -0.422822 0.136715 0.333580 0.679442 0.001848 0.067500 6.060606e-03
-0.136259 -0.037387 0.663335 0.026446 -0.110782 -0.000101 0.067500 6.060606e-03
-0.569663 -0.066073 -0.116509 0.050972 -0.454251 -0.001116 0.067500 6.060606e-03
0.220235 0.793752 -0.522555 -0.630590 0.173105 0.001286 0.067500 6.060606e-03
0.884977 0.256858 0.252773 -0.206192 0.700198 0.002407 0.067500 6.060606e-03
-0.763311 -0.630248 0.067026 0.498381 -0.608094 -0.001964 0.067500 6.060606e-03
-0.092421 -0.203609 0.367925 0.159052 -0.075761 -0.000130 0.067500 6.060606e-03
-0.299326 1.418319 -0.050623 -0.959093 -0.047202 -0.017734 0.035000 5.555556e-04
-0.435262 1.465181 0.014067 -1.005360 -0.188913 -0.012703 0.035000 5.555556e-04
-0.383823 1.619687 -0.093542 -1.122661 -0.099439 0.058978 0.035000 5.555556e-04
-0.628263 1.481953 -0.218119 -0.993448 -0.250362 -0.027231 0.035000 5.555556e-04
-0.487822 1.519594 -0.118504 -1.036104 -0.175858 0.004690 0.035000 5.555556e-04
-0.347637 1.398460 -0.228410 -0.922853 -0.010949 -0.031671 0.035000 5.555556e-04
-0.492264 1.520581 -0.277955 -1.019293 -0.110750 0.004392 0.035000 5.555556e-04
-0.557305 1.316764 -0.042662 -0.874841 -0.266829 -0.090090 0.035000 5.555556e-04
-0.237563 1.507297 -0.161385 -1.021584 0.052283 0.027164 0.035000 5.555556e-04
-0.525625 1.590062 0.004040 -1.108382 -0.260554 0.030782 0.035000 5.555556e-04
-0.347921 1.349304 0.082252 -0.916191 -0.145634 -0.052497 0.035000 5.555556e-04
-0.347233 1.538305 -0.244689 -1.037927 -0.003608 0.027907 0.035000 5.555556e-04
-0.529400 1.356020 -0.210710 -0.889141 -0.170810 -0.070375 0.035000 5.555556e-04
-0.329367 1.255597 -0.045489 -0.823942 -0.074621 -0.090503 0.035000 5.555556e-04
-0.594126 1.610461 -0.155194 -1.107707 -0.249110 0.031804 0.035000 5.555556e-04
-0.609671 1.460619 -0.004389 -0.999080 -0.327439 -0.034263 0.035000 5.555556e-04
-0.234188 1.290603 -0.142864 -0.842579 0.047293 -0.064987 0.035000 5.555556e-04
-0.401791 1.270644 -0.200739 -0.819095 -0.068191 -0.092406 0.035000 5.555556e-04
