12000.000002
0.100440 0.723664 0.509531 -0.577733 0.098273 -0.000019 0.067500 6.060606e-03
0.184600 -0.265578 -0.842606 0.210715 0.165363 -0.000027 0.067500 6.060606e-03
-0.912687 0.059010 -0.441339 -0.047994 -0.709289 0.000055 0.067500 6.060606e-03
-0.398803 -0.322606 0.309180 0.256257 -0.299669 0.000015 0.067500 6.060606e-03
-0.024563 -0.636088 0.326385 0.506142 -0.001361 -0.000015 0.067500 6.060606e-03
-0.884834 -0.124109 -0.181428 0.097994 -0.687087 0.000053 0.067500 6.060606e-03
0.429165 -0.121668 0.517168 0.096103 0.360297 -0.000048 0.067500 6.060606e-03
-0.178454 0.405230 0.153475 -0.323932 -0.124030 0.000001 0.067500 6.060606e-03
0.284904 0.163361 0.836678 -0.131078 0.245308 -0.000034 0.067500 6.060606e-03
0.259920 0.054716 -0.494073 -0.044572 0.225397 -0.000034 0.067500 6.060606e-03
0.049097 -0.044263 0.824827 0.034424 0.057349 -0.000018 0.067500 6.060606e-03
-0.730228 0.720907 -0.039542 -0.575577 -0.563848 0.000043 0.067500 6.060606e-03
-0.208131 -0.264975 -0.808789 0.210237 -0.147681 0.000002 0.067500 6.060606e-03
0.484325 0.036036 0.045416 -0.029642 0.404261 -0.000049 0.067500 6.060606e-03
-0.417871 0.210347 -0.186117 -0.168609 -0.314867 0.000018 0.067500 6.060606e-03
-0.216004 -0.862695 0.066608 0.686754 -0.153956 -0.000001 0.067500 6.060606e-03
0.639120 -0.657357 -0.026500 0.523076 0.527653 -0.000065 0.067500 6.060606e-03
0.938962 -0.297282 -0.118374 0.236049 0.766656 -0.000087 0.067500 6.060606e-03
0.163442 0.105573 -0.020455 -0.085076 0.148492 -0.000027 0.067500 6.060606e-03
0.506526 -0.381044 -0.053412 0.302817 0.421962 -0.000053 0.067500 6.060606e-03
-0.612355 -0.507062 0.585472 0.403311 -0.469891 0.000030 0.067500 6.060606e-03
0.390960 0.571212 -0.438997 -0.456284 0.329849 -0.000043 0.067500 6.060606e-03
0.439178 -0.393342 0.581650 0.312667 0.368281 -0.000048 0.067500 6.060606e-03
-0.587234 0.683055 0.452899 -0.545368 -0.449869 0.000033 0.067500 6.060606e-03
-0.162093 0.294687 0.547534 -0.235785 -0.110988 0.000000 0.067500 6.060606e-03
-0.561385 -0.428200 0.097372 0.340413 -0.429262 0.000027 0.067500 6.060606e-03
0.527569 0.114352 0.665720 -0.092024 0.438733 -0.000053 0.067500 6.060606e-03
0.468888 0.308449 -0.592824 -0.246839 0.391964 -0.000048 0.067500 6.060606e-03
-0.522290 -0.285729 -0.192862 0.226825 -0.398098 0.000024 0.067500 6.060606e-03
-0.607720 0.432803 -0.215271 -0.345936 -0.466196 0.000032 0.067500 6.060606e-03
0.421426 -0.522280 0.162730 0.415416 0.354130 -0.000048 0.067500 6.060606e-03
-0.744086 -0.364754 -0.466482 0.289796 -0.574895 0.000042 0.067500 6.060606e-03
0.288772 -0.124144 -0.185299 0.098024 0.248392 -0.000038 0.067500 6.060606e-03
0.408672 0.413960 0.632755 -0.330850 0.343963 -0.000045 0.067500 6.060606e-03
-0.985420 -0.011064 0.361933 0.007924 -0.767265 0.000060 0.067500 6.060606e-03
0.092836 0.454716 0.274843 -0.363369 0.092211 -0.000020 0.067500 6.060606e-03
-0.831703 0.469987 0.127323 -0.375552 -0.644736 0.000050 0.067500 6.060606e-03
-0.627587 0.415278 0.652259 -0.331901 -0.482036 0.000037 0.067500 6.060606e-03
0.169282 0.621554 -0.244468 -0.496399 0.153149 -0.000026 0.067500 6.060606e-03
0.783976 0.494138 -0.358794 -0.394847 0.643114 -0.000071 0.067500 6.060606e-03
0.026835 -0.524312 -0.159243 0.417009 0.039608 -0.000018 0.067500 6.060606e-03
-0.142072 0.223341 -0.489044 -0.178991 -0.095028 -0.000003 0.067500 6.060606e-03
0.547902 0.415041 -0.068175 -0.331769 0.454941 -0.000054 0.067500 6.060606e-03
0.180929 -0.393629 -0.362398 0.312824 0.162434 -0.000029 0.067500 6.060606e-03
0.164629 0.313691 -0.764769 -0.251030 0.149442 -0.000027 0.067500 6.060606e-03
0.169426 -0.404589 0.412302 0.321618 0.153266 -0.000029 0.067500 6.060606e-03
0.267834 0.303228 -0.330302 -0.242660 0.231702 -0.000035 0.067500 6.060606e-03
-0.092298 0.900957 0.062224 -0.719091 -0.055355 -0.000004 0.067500 6.060606e-03
-0.268152 -0.309380 0.616165 0.245738 -0.195528 0.000006 0.067500 6.060606e-03
-0.449529 0.095974 0.818605 -0.077363 -0.340105 0.000021 0.067500 6.060606e-03
-0.738745 0.049621 0.130406 -0.040466 -0.570637 0.000042 0.067500 6.060606e-03
0.575501 0.098501 -0.436010 -0.079472 0.476944 -0.000057 0.067500 6.060606e-03
-0.370639 0.129753 -0.738077 -0.104408 -0.277218 0.000013 0.067500 6.060606e-03
-0.111800 -0.366923 -0.481376 0.291524 -0.070896 -0.000007 0.067500 6.060606e-03
-0.068922 -0.773112 -0.371052 0.615313 -0.036716 -0.000010 0.067500 6.060606e-03
-0.399998 0.459386 0.429195 -0.367079 -0.300622 0.000019 0.067500 6.060606e-03
0.299457 -0.933903 -0.105473 0.743504 0.256914 -0.000039 0.067500 6.060606e-03
-0.543970 0.181746 -0.437673 -0.145830 -0.415382 0.000026 0.067500 6.060606e-03
0.746155 0.192576 0.006638 -0.154429 0.612967 -0.000069 0.067500 6.060606e-03
-0.465951 -0.363302 -0.495313 0.288637 -0.353190 0.000021 0.067500 6.060606e-03
-0.671704 -0.637444 0.313521 0.507221 -0.517198 0.000034 0.067500 6.060606e-03
-0.324630 -0.112475 0.121647 0.088744 -0.240546 0.000011 0.067500 6.060606e-03
0.395949 0.716967 0.106898 -0.572432 0.333819 -0.000043 0.067500 6.060606e-03
-0.347997 0.791145 0.315018 -0.631538 -0.259171 0.000015 0.067500 6.060606e-03
0.074363 -0.045593 0.457265 0.035456 0.077490 -0.000020 0.067500 6.060606e-03
-0.649037 -0.248880 0.430143 0.197499 -0.499131 0.000034 0.067500 6.060606e-03
-0.318222 0.590873 -0.008036 -0.471923 -0.235438 0.000011 0.067500 6.060606e-03
-0.822728 -0.425464 -0.214953 0.338209 -0.637580 0.000047 0.067500 6.060606e-03
0.247125 -0.558600 -0.664341 0.444302 0.215202 -0.000034 0.067500 6.060606e-03
0.369973 -0.689762 0.387059 0.548932 0.313119 -0.000044 0.067500 6.060606e-03
-0.490214 0.104871 0.315133 -0.084492 -0.372533 0.000023 0.067500 6.060606e-03
0.483556 -0.650199 -0.329271 0.517346 0.403655 -0.000053 0.067500 6.060606e-03
-0.124600 0.874825 -0.239715 -0.698284 -0.081104 -0.000003 0.067500 6.060606e-03
0.467976 0.268529 0.321727 -0.214950 0.391232 -0.000047 0.067500 6.060606e-03
0.148234 1.031347 0.087097 -0.823024 0.136372 -0.000022 0.067500 6.060606e-03
-0.100478 -0.530426 0.588833 0.421936 -0.061873 -0.000009 0.067500 6.060606e-03
0.874016 0.465935 0.082451 -0.372334 0.714883 -0.000080 0.067500 6.060606e-03
0.490287 -0.310332 -0.380255 0.246425 0.409021 -0.000051 0.067500 6.060606e-03
-0.115343 0.098574 0.300603 -0.079475 -0.073724 -0.000005 0.067500 6.060606e-03
0.712512 -0.257023 0.486496 0.204000 0.586151 -0.000068 0.067500 6.060606e-03
0.185720 0.193674 0.560637 -0.155262 0.166250 -0.000027 0.067500 6.060606e-03
-0.010279 0.045540 -0.224275 -0.037239 0.010022 -0.000013 0.067500 6.060606e-03
-0.396088 -0.723110 -0.556124 0.575441 -0.297501 0.000015 0.067500 6.060606e-03
-0.052758 0.719780 -0.578386 -0.574719 -0.023837 -0.000011 0.067500 6.060606e-03
0.453608 0.103316 -0.789929 -0.083334 0.379786 -0.000046 0.067500 6.060606e-03
-0.459283 0.841467 0.055346 -0.671671 -0.347878 0.000023 0.067500 6.060606e-03
-0.328139 -0.138571 -0.604254 0.109491 -0.243340 0.000010 0.067500 6.060606e-03
0.149652 0.528584 0.793095 -0.422206 0.137501 -0.000024 0.067500 6.060606e-03
-0.671057 -0.772718 -0.010662 0.615025 -0.516681 0.000035 0.067500 6.060606e-03
-0.485207 -0.123583 0.632619 0.097636 -0.368543 0.000023 0.067500 6.060606e-03
0.708288 0.301164 0.495933 -0.240949 0.582782 -0.000066 0.067500 6.060606e-03
-0.667239 -0.629982 -0.450570 0.501214 -0.513639 0.000035 0.067500 6.060606e-03
0.937753 -0.241430 0.153883 0.191549 0.765689 -0.000085 0.067500 6.060606e-03
0.209208 0.376309 -0.070018 -0.300894 0.184971 -0.000029 0.067500 6.060606e-03
-0.342588 -0.560591 0.445298 0.445970 -0.254859 0.000010 0.067500 6.060606e-03
-0.931157 0.277472 -0.154399 -0.222113 -0.724011 0.000056 0.067500 6.060606e-03
0.207241 0.969451 -0.248571 -0.773717 0.183406 -0.000028 0.067500 6.060606e-03
-0.050509 -0.243559 -0.125886 0.193215 -0.022044 -0.000011 0.067500 6.060606e-03
-0.541566 -0.573343 -0.204541 0.456085 -0.413464 0.000025 0.067500 6.060606e-03
0.868274 -0.006921 -0.351190 0.004573 0.710310 -0.000079 0.067500 6.060606e-03
-0.253237 -0.796673 0.342384 0.634147 -0.183637 0.000002 0.067500 6.060606e-03
0.624099 -0.554811 0.375761 0.441364 0.515678 -0.000062 0.067500 6.060606e-03
-0.381001 0.689117 -0.576719 -0.550277 -0.285478 0.000015 0.067500 6.060606e-03
-0.121638 0.359801 -0.148493 -0.287741 -0.078741 -0.000005 0.067500 6.060606e-03
-0.141355 -0.553161 -0.681483 0.439962 -0.094454 -0.000004 0.067500 6.060606e-03
-0.103856 -0.354868 0.150225 0.281964 -0.064567 -0.000007 0.067500 6.060606e-03
0.144387 -0.476958 0.778045 0.379331 0.133307 -0.000028 0.067500 6.060606e-03
-1.001902 0.096303 0.066997 -0.077683 -0.780403 0.000062 0.067500 6.060606e-03
-0.714836 0.300222 0.378393 -0.240208 -0.551582 0.000041 0.067500 6.060606e-03
-0.333378 0.509870 0.758923 -0.407294 -0.247520 0.000014 0.067500 6.060606e-03
0.008788 -0.956829 -0.142176 0.761774 0.025226 -0.000017 0.067500 6.060606e-03
-0.199365 0.863428 0.530069 -0.689140 -0.140698 0.000005 0.067500 6.060606e-03
-0.811786 0.412818 -0.404547 -0.330020 -0.628860 0.000047 0.067500 6.060606e-03
-0.873896 -0.439833 0.310749 0.349701 -0.678367 0.000051 0.067500 6.060606e-03
0.096666 -0.836575 0.479816 0.665964 0.095271 -0.000024 0.067500 6.060606e-03
-0.133147 0.064238 -0.858676 -0.052193 -0.087911 -0.000005 0.067500 6.060606e-03
-0.894344 -0.171339 0.082160 0.135663 -0.694667 0.000053 0.067500 6.060606e-03
0.399609 0.529197 0.352029 -0.422733 0.336737 -0.000043 0.067500 6.060606e-03
0.227060 -0.796830 -0.425278 0.634215 0.199207 -0.000034 0.067500 6.060606e-03
0.439199 0.824897 -0.283471 -0.658493 0.368300 -0.000045 0.067500 6.060606e-03
-0.401964 -0.840634 -0.304614 0.669140 -0.302185 0.000015 0.067500 6.060606e-03
-0.775702 -0.073557 0.649884 0.057762 -0.600098 0.000044 0.067500 6.060606e-03
-0.285269 -0.187780 0.866012 0.148827 -0.209173 0.000008 0.067500 6.060606e-03
0.077185 -0.994834 0.121115 0.792088 0.079745 -0.000023 0.067500 6.060606e-03
0.023934 0.037136 -0.634272 -0.030571 0.037295 -0.000016 0.067500 6.060606e-03
-0.725751 0.123662 -0.646377 -0.099545 -0.560281 0.000041 0.067500 6.060606e-03
-0.462968 0.826773 -0.339863 -0.659986 -0.350815 0.000022 0.067500 6.060606e-03
0.035328 0.441390 -0.397100 -0.352796 0.046375 -0.000016 0.067500 6.060606e-03
0.567914 -0.104590 -0.203720 0.082437 0.470894 -0.000057 0.067500 6.060606e-03
-0.363841 0.575592 -0.304654 -0.459764 -0.271801 0.000014 0.067500 6.060606e-03
0.311770 -0.051414 0.256868 0.040082 0.266720 -0.000037 0.067500 6.060606e-03
0.773775 -0.163136 -0.561049 0.129080 0.634988 -0.000073 0.067500 6.060606e-03
0.770285 0.571813 0.305869 -0.456714 0.632199 -0.000074 0.067500 6.060606e-03
-0.308012 -0.204786 -0.333873 0.162293 -0.227298 0.000009 0.067500 6.060606e-03
-0.196524 0.490418 -0.667954 -0.391897 -0.138431 -0.000000 0.067500 6.060606e-03
0.280689 -0.196657 0.826930 0.155901 0.241952 -0.000036 0.067500 6.060606e-03
-0.131903 0.192776 0.857497 -0.154523 -0.086924 -0.000003 0.067500 6.060606e-03
0.620622 0.728466 -0.109640 -0.581614 0.512907 -0.000060 0.067500 6.060606e-03
-0.470594 0.431149 -0.680964 -0.344652 -0.356893 0.000020 0.067500 6.060606e-03
-0.054174 -0.032245 0.064800 0.024788 -0.024966 -0.000010 0.067500 6.060606e-03
0.839549 -0.005449 0.458394 0.003460 0.687412 -0.000077 0.067500 6.060606e-03
0.602050 -0.217746 0.199039 0.172668 0.498101 -0.000061 0.067500 6.060606e-03
0.565951 -0.524628 -0.588909 0.417231 0.469332 -0.000058 0.067500 6.060606e-03
0.204824 -0.735861 0.101028 0.585657 0.181483 -0.000032 0.067500 6.060606e-03
-0.302842 -0.549127 0.014406 0.436799 -0.223177 0.000007 0.067500 6.060606e-03
-0.224555 -0.571433 -0.261330 0.454560 -0.160773 0.000001 0.067500 6.060606e-03
0.129598 0.726538 0.188866 -0.580050 0.121515 -0.000022 0.067500 6.060606e-03
-0.542823 0.588326 0.160542 -0.469880 -0.414468 0.000029 0.067500 6.060606e-03
-0.495697 -0.833673 0.225078 0.663631 -0.376901 0.000021 0.067500 6.060606e-03
0.751269 -0.415061 -0.306757 0.329916 0.617047 -0.000072 0.067500 6.060606e-03
0.408237 -0.283871 -0.652912 0.225313 0.343619 -0.000046 0.067500 6.060606e-03
0.349054 0.882294 0.374563 -0.704194 0.296442 -0.000039 0.067500 6.060606e-03
0.988483 0.033616 0.051312 -0.027711 0.806128 -0.000087 0.067500 6.060606e-03
0.285701 0.551257 -0.689413 -0.440395 0.245947 -0.000036 0.067500 6.060606e-03
-0.615542 -0.122179 -0.392844 0.096441 -0.472431 0.000033 0.067500 6.060606e-03
0.896511 0.260847 -0.249284 -0.208874 0.732816 -0.000080 0.067500 6.060606e-03
-0.584395 -0.117269 -0.689992 0.092503 -0.447604 0.000030 0.067500 6.060606e-03
0.156121 -0.217509 0.059763 0.172466 0.142658 -0.000026 0.067500 6.060606e-03
0.788679 -0.477052 0.137388 0.379367 0.646864 -0.000075 0.067500 6.060606e-03
-0.172887 -0.012039 0.661993 0.008725 -0.119592 -0.000001 0.067500 6.060606e-03
-0.606264 -0.007160 -0.118396 0.004777 -0.465035 0.000032 0.067500 6.060606e-03
0.250869 0.785700 -0.524782 -0.627263 0.218182 -0.000032 0.067500 6.060606e-03
0.869359 0.198518 0.252384 -0.159146 0.711172 -0.000079 0.067500 6.060606e-03
-0.844866 -0.553641 0.065782 0.440401 -0.655227 0.000048 0.067500 6.060606e-03
-0.142177 -0.181753 0.366921 0.143985 -0.095112 -0.000003 0.067500 6.060606e-03
3.130692 0.218859 -0.056090 -0.046098 0.597014 0.001520 0.035000 5.555556e-04
2.993772 0.289798 -0.022948 -0.058662 0.571727 0.003736 0.035000 5.555556e-04
2.948655 0.175735 -0.173589 -0.039073 0.566483 0.001839 0.035000 5.555556e-04
2.816517 0.067343 0.081508 -0.017952 0.537814 0.000597 0.035000 5.555556e-04
2.915759 0.158495 -0.032300 -0.035080 0.557859 0.001717 0.035000 5.555556e-04
3.095352 0.044232 -0.003399 -0.014324 0.589644 -0.001596 0.035000 5.555556e-04
2.906398 -0.000712 -0.022467 -0.006352 0.555986 -0.001268 0.035000 5.555556e-04
2.972743 0.243270 0.170592 -0.049067 0.564240 0.002978 0.035000 5.555556e-04
3.129013 0.102333 -0.158121 -0.025759 0.598663 -0.000697 0.035000 5.555556e-04
2.850054 0.281332 -0.075938 -0.057471 0.546862 0.004477 0.035000 5.555556e-04
3.132795 0.356497 0.020307 -0.070399 0.595932 0.004137 0.035000 5.555556e-04
3.018165 0.024094 -0.118920 -0.011425 0.577954 -0.001496 0.035000 5.555556e-04
2.968314 0.072356 0.131280 -0.018541 0.564195 -0.000260 0.035000 5.555556e-04
3.194804 0.230426 0.095007 -0.047230 0.605669 0.001338 0.035000 5.555556e-04
2.776711 0.125243 -0.047139 -0.029186 0.533106 0.001954 0.035000 5.555556e-04
2.851628 0.280391 0.078547 -0.056330 0.544192 0.004449 0.035000 5.555556e-04
3.251339 0.126710 0.018725 -0.029035 0.617307 -0.000999 0.035000 5.555556e-04
3.121585 0.078404 0.131058 -0.019631 0.591797 -0.001108 0.035000 5.555556e-04
