76000.001934
-0.663897 0.340538 0.509634 -0.261788 -0.529178 0.000007 0.067500 6.060606e-03
0.311564 0.156877 -0.842640 -0.115445 0.248276 -0.000009 0.067500 6.060606e-03
-0.294574 -0.813607 -0.441146 0.658012 -0.234842 0.000014 0.067500 6.060606e-03
0.210693 -0.420398 0.309217 0.344633 0.167907 0.000008 0.067500 6.060606e-03
0.612842 -0.143615 0.326323 0.124055 0.488426 -0.000005 0.067500 6.060606e-03
-0.110633 -0.835725 -0.181271 0.675636 -0.088225 0.000013 0.067500 6.060606e-03
0.238546 0.431205 0.517099 -0.334053 0.190094 -0.000007 0.067500 6.060606e-03
-0.431710 -0.013412 0.153582 0.020290 -0.344131 0.000009 0.067500 6.060606e-03
-0.074618 0.368472 0.836671 -0.284053 -0.059499 0.000001 0.067500 6.060606e-03
0.023147 0.315162 -0.494082 -0.241587 0.018407 -0.000004 0.067500 6.060606e-03
0.062374 0.085718 0.824827 -0.058707 0.049688 0.000003 0.067500 6.060606e-03
-0.883474 -0.460698 -0.039294 0.376768 -0.704211 0.000021 0.067500 6.060606e-03
0.205959 -0.221388 -0.808750 0.186016 0.164113 0.000000 0.067500 6.060606e-03
0.101255 0.526472 0.045362 -0.409984 0.080666 -0.000005 0.067500 6.060606e-03
-0.308015 -0.296297 -0.185985 0.245728 -0.245549 0.000017 0.067500 6.060606e-03
0.779947 -0.388721 0.066548 0.319391 0.621615 -0.000005 0.067500 6.060606e-03
0.810770 0.490175 -0.026674 -0.381055 0.646159 -0.000020 0.067500 6.060606e-03
0.543989 0.875384 -0.118550 -0.688067 0.433530 -0.000020 0.067500 6.060606e-03
-0.051574 0.235862 -0.020442 -0.178378 -0.041141 -0.000000 0.067500 6.060606e-03
0.509058 0.436305 -0.053526 -0.338125 0.405691 -0.000012 0.067500 6.060606e-03
0.331364 -0.675468 0.585511 0.547927 0.264093 0.000011 0.067500 6.060606e-03
-0.439477 0.579579 -0.438959 -0.452320 -0.350318 0.000005 0.067500 6.060606e-03
0.503014 0.368202 0.581543 -0.283841 0.400886 -0.000007 0.067500 6.060606e-03
-0.808673 -0.332964 0.453108 0.274975 -0.644582 0.000015 0.067500 6.060606e-03
-0.320749 -0.027161 0.547616 0.031246 -0.255681 0.000010 0.067500 6.060606e-03
0.268923 -0.605335 0.097432 0.492022 0.214321 0.000006 0.067500 6.060606e-03
0.037471 0.589170 0.665670 -0.459945 0.029838 -0.000003 0.067500 6.060606e-03
-0.165473 0.584371 -0.592838 -0.456143 -0.131933 -0.000001 0.067500 6.060606e-03
0.142051 -0.529595 -0.192782 0.431651 0.113191 0.000005 0.067500 6.060606e-03
-0.573138 -0.419735 -0.215078 0.344104 -0.456864 0.000016 0.067500 6.060606e-03
0.622427 0.316558 0.162612 -0.242686 0.496053 -0.000013 0.067500 6.060606e-03
0.158830 -0.764484 -0.466374 0.618856 0.126561 0.000009 0.067500 6.060606e-03
0.203260 0.295170 -0.185338 -0.225647 0.161965 -0.000007 0.067500 6.060606e-03
-0.283025 0.554729 0.632766 -0.432498 -0.225602 -0.000000 0.067500 6.060606e-03
-0.246356 -0.902349 0.362115 0.728730 -0.196418 0.000013 0.067500 6.060606e-03
-0.406823 0.261253 0.274911 -0.198606 -0.324288 0.000006 0.067500 6.060606e-03
-0.668806 -0.625570 0.127552 0.508154 -0.533120 0.000018 0.067500 6.060606e-03
-0.561410 -0.443445 0.652428 0.363025 -0.447500 0.000015 0.067500 6.060606e-03
-0.547233 0.379467 -0.244385 -0.292830 -0.436201 0.000009 0.067500 6.060606e-03
-0.260092 0.937682 -0.358839 -0.737723 -0.207347 -0.000004 0.067500 6.060606e-03
0.518797 -0.064254 -0.159294 0.060799 0.413462 -0.000008 0.067500 6.060606e-03
-0.246838 -0.027092 -0.488956 0.031175 -0.196783 0.000010 0.067500 6.060606e-03
-0.246959 0.689088 -0.068187 -0.539590 -0.196871 -0.000000 0.067500 6.060606e-03
0.434051 0.119157 -0.362455 -0.085375 0.345910 -0.000010 0.067500 6.060606e-03
-0.251924 0.292571 -0.764725 -0.223586 -0.200838 0.000003 0.067500 6.060606e-03
0.441677 0.105240 0.412235 -0.074274 0.351999 -0.000005 0.067500 6.060606e-03
-0.214165 0.389281 -0.330277 -0.300651 -0.170739 -0.000000 0.067500 6.060606e-03
-0.886353 0.202179 0.062386 -0.151523 -0.706485 0.000016 0.067500 6.060606e-03
0.232950 -0.290918 0.616179 0.241455 0.185643 0.000008 0.067500 6.060606e-03
-0.206099 -0.357249 0.818703 0.294326 -0.164293 0.000013 0.067500 6.060606e-03
-0.238905 -0.648449 0.130562 0.526377 -0.190468 0.000014 0.067500 6.060606e-03
0.065364 0.630972 -0.436069 -0.493282 0.052053 -0.000007 0.067500 6.060606e-03
-0.217831 -0.272401 -0.737957 0.226673 -0.173670 0.000010 0.067500 6.060606e-03
0.330012 -0.155792 -0.481373 0.133743 0.262991 -0.000006 0.067500 6.060606e-03
0.732884 -0.223090 -0.371116 0.187383 0.584091 -0.000009 0.067500 6.060606e-03
-0.543084 -0.212372 0.429336 0.178860 -0.432899 0.000010 0.067500 6.060606e-03
0.986384 0.088912 -0.105626 -0.061259 0.786128 -0.000017 0.067500 6.060606e-03
-0.314229 -0.425479 -0.437518 0.348675 -0.250501 0.000012 0.067500 6.060606e-03
0.020434 0.820629 0.006561 -0.644426 0.016249 -0.000008 0.067500 6.060606e-03
0.231810 -0.496087 -0.495250 0.404945 0.184726 0.000008 0.067500 6.060606e-03
0.441077 -0.767567 0.313565 0.621319 0.351544 0.000005 0.067500 6.060606e-03
0.028023 -0.292750 0.121706 0.242905 0.022300 0.000008 0.067500 6.060606e-03
-0.578493 0.623448 0.106954 -0.487268 -0.461113 0.000005 0.067500 6.060606e-03
-0.848870 -0.073550 0.315201 0.068228 -0.676613 0.000011 0.067500 6.060606e-03
0.070347 0.109658 0.457263 -0.077796 0.056039 0.000002 0.067500 6.060606e-03
0.072760 -0.641792 0.430235 0.521076 0.057971 0.000007 0.067500 6.060606e-03
-0.647994 -0.098462 -0.007876 0.088074 -0.516518 0.000015 0.067500 6.060606e-03
0.196345 -0.856482 -0.214847 0.692175 0.156477 0.000011 0.067500 6.060606e-03
0.610663 0.138784 -0.664425 -0.101021 0.486666 -0.000017 0.067500 6.060606e-03
0.770086 0.222215 0.386923 -0.167492 0.613741 -0.000010 0.067500 6.060606e-03
-0.225641 -0.394154 0.315247 0.323728 -0.179886 0.000011 0.067500 6.060606e-03
0.762215 0.342152 -0.329416 -0.263089 0.607460 -0.000020 0.067500 6.060606e-03
-0.869868 0.164025 -0.239547 -0.121122 -0.693346 0.000018 0.067500 6.060606e-03
-0.127088 0.572937 0.321707 -0.447013 -0.101324 -0.000000 0.067500 6.060606e-03
-0.947666 0.468826 0.087237 -0.364034 -0.755351 0.000012 0.067500 6.060606e-03
0.490775 -0.188471 0.588790 0.159807 0.391137 0.000001 0.067500 6.060606e-03
-0.208758 1.016955 0.082391 -0.800895 -0.166422 -0.000007 0.067500 6.060606e-03
0.436521 0.439526 -0.380355 -0.340701 0.347873 -0.000012 0.067500 6.060606e-03
-0.119327 -0.034605 0.300654 0.037176 -0.095142 0.000007 0.067500 6.060606e-03
0.444744 0.668028 0.486364 -0.522795 0.354439 -0.000011 0.067500 6.060606e-03
-0.130401 0.280972 0.560651 -0.214323 -0.103962 0.000003 0.067500 6.060606e-03
-0.040224 0.052381 -0.224240 -0.032156 -0.032099 0.000003 0.067500 6.060606e-03
0.597180 -0.525000 -0.556119 0.427993 0.475937 -0.000003 0.067500 6.060606e-03
-0.701319 0.191737 -0.578247 -0.143217 -0.559013 0.000017 0.067500 6.060606e-03
0.028064 0.514759 -0.789967 -0.400666 0.022320 -0.000005 0.067500 6.060606e-03
-0.927168 -0.167357 0.055562 0.142987 -0.739022 0.000019 0.067500 6.060606e-03
0.052105 -0.303198 -0.604180 0.251216 0.041487 0.000004 0.067500 6.060606e-03
-0.462712 0.335820 0.793163 -0.258031 -0.368815 0.000006 0.067500 6.060606e-03
0.571536 -0.803169 -0.010627 0.649691 0.455529 0.000005 0.067500 6.060606e-03
-0.004120 -0.450378 0.632694 0.368536 -0.003312 0.000012 0.067500 6.060606e-03
-0.094238 0.813248 0.495879 -0.638534 -0.075138 -0.000005 0.067500 6.060606e-03
0.434948 -0.761363 -0.450510 0.616371 0.346641 0.000002 0.067500 6.060606e-03
0.489896 0.889191 0.153715 -0.699066 0.390421 -0.000018 0.067500 6.060606e-03
-0.300215 0.352371 -0.069977 -0.271231 -0.239320 0.000004 0.067500 6.060606e-03
0.455064 -0.429859 0.445290 0.352184 0.362681 0.000006 0.067500 6.060606e-03
-0.509957 -0.772947 -0.154173 0.625606 -0.406530 0.000012 0.067500 6.060606e-03
-0.872306 0.509094 -0.248449 -0.396136 -0.695288 0.000016 0.067500 6.060606e-03
0.227599 -0.063693 -0.125885 0.060350 0.181368 -0.000000 0.067500 6.060606e-03
0.414024 -0.625089 -0.204499 0.507761 0.329965 0.000003 0.067500 6.060606e-03
0.245258 0.884896 -0.351315 -0.695654 0.195433 -0.000014 0.067500 6.060606e-03
0.706422 -0.406906 0.342332 0.333894 0.563014 0.000000 0.067500 6.060606e-03
0.708018 0.503179 0.375603 -0.391414 0.564271 -0.000014 0.067500 6.060606e-03
-0.759551 -0.132754 -0.576526 0.115389 -0.605427 0.000023 0.067500 6.060606e-03
-0.372797 0.029142 -0.148396 -0.013631 -0.297173 0.000008 0.067500 6.060606e-03
0.501525 -0.234102 -0.681499 0.196153 0.399687 -0.000007 0.067500 6.060606e-03
0.320632 -0.144832 0.150214 0.125021 0.255526 0.000002 0.067500 6.060606e-03
0.504778 0.061807 0.777969 -0.039652 0.402295 -0.000003 0.067500 6.060606e-03
-0.354270 -0.889555 0.067200 0.718537 -0.282442 0.000011 0.067500 6.060606e-03
-0.473931 -0.558333 0.378570 0.454577 -0.377788 0.000015 0.067500 6.060606e-03
-0.573858 -0.134631 0.759059 0.116908 -0.457415 0.000009 0.067500 6.060606e-03
0.930730 -0.197308 -0.142283 0.166844 0.741776 -0.000011 0.067500 6.060606e-03
-0.878736 0.089031 0.530238 -0.061343 -0.700409 0.000012 0.067500 6.060606e-03
-0.608496 -0.621738 -0.404315 0.505096 -0.485053 0.000016 0.067500 6.060606e-03
0.196600 -0.909570 0.310854 0.734486 0.156692 0.000013 0.067500 6.060606e-03
0.838469 -0.080393 0.479704 0.073680 0.668249 -0.000008 0.067500 6.060606e-03
-0.091212 -0.061091 -0.858606 0.058260 -0.072749 0.000003 0.067500 6.060606e-03
-0.067619 -0.857498 0.082310 0.692988 -0.053937 0.000011 0.067500 6.060606e-03
-0.396539 0.576782 0.352058 -0.450075 -0.316085 0.000001 0.067500 6.060606e-03
0.834884 0.055766 -0.425397 -0.034850 0.665375 -0.000018 0.067500 6.060606e-03
-0.670991 0.693935 -0.283411 -0.543456 -0.534837 0.000010 0.067500 6.060606e-03
0.708893 -0.562058 -0.304628 0.457530 0.564979 -0.000002 0.067500 6.060606e-03
-0.130005 -0.716921 0.650013 0.580965 -0.103647 0.000013 0.067500 6.060606e-03
0.111247 -0.274854 0.866040 0.228657 0.088645 0.000011 0.067500 6.060606e-03
0.985688 -0.141533 0.120991 0.122399 0.785580 -0.000015 0.067500 6.060606e-03
-0.023049 0.083049 -0.634240 -0.056607 -0.018415 -0.000000 0.067500 6.060606e-03
-0.306916 -0.616201 -0.646201 0.500678 -0.244674 0.000016 0.067500 6.060606e-03
-0.914069 -0.174890 -0.339640 0.148981 -0.728582 0.000023 0.067500 6.060606e-03
-0.409483 0.202183 -0.397016 -0.151541 -0.326415 0.000011 0.067500 6.060606e-03
0.259068 0.569375 -0.203805 -0.444183 0.206442 -0.000010 0.067500 6.060606e-03
-0.645524 -0.146549 -0.304483 0.126392 -0.514552 0.000020 0.067500 6.060606e-03
0.139409 0.336841 0.256829 -0.258848 0.111079 -0.000002 0.067500 6.060606e-03
0.370473 0.752034 -0.561179 -0.589768 0.295228 -0.000016 0.067500 6.060606e-03
-0.338481 0.945351 0.305844 -0.743824 -0.269811 -0.000006 0.067500 6.060606e-03
0.121335 -0.301483 -0.333814 0.249854 0.096672 0.000004 0.067500 6.060606e-03
-0.518774 -0.008151 -0.667817 0.016079 -0.413523 0.000015 0.067500 6.060606e-03
0.271154 0.268117 0.826870 -0.204077 0.216090 -0.000001 0.067500 6.060606e-03
-0.214424 -0.025287 0.857558 0.029755 -0.170924 0.000006 0.067500 6.060606e-03
-0.529526 0.842983 -0.109622 -0.662242 -0.422086 0.000003 0.067500 6.060606e-03
-0.534965 -0.288098 -0.680785 0.239188 -0.426430 0.000017 0.067500 6.060606e-03
0.023040 -0.010685 0.064826 0.018109 0.018331 0.000004 0.067500 6.060606e-03
0.236305 0.857718 0.458275 -0.673978 0.188309 -0.000011 0.067500 6.060606e-03
0.377302 0.572057 0.198931 -0.446312 0.300682 -0.000012 0.067500 6.060606e-03
0.663209 0.455098 -0.589052 -0.353111 0.528543 -0.000018 0.067500 6.060606e-03
0.770285 0.050714 0.100916 -0.030820 0.613900 -0.000012 0.067500 6.060606e-03
0.454571 -0.388550 0.014407 0.319254 0.362283 -0.000000 0.067500 6.060606e-03
0.496953 -0.319113 -0.261340 0.263908 0.396057 -0.000005 0.067500 6.060606e-03
-0.658927 0.369363 0.188966 -0.284764 -0.525222 0.000008 0.067500 6.060606e-03
-0.705571 -0.315550 0.160733 0.261087 -0.562413 0.000015 0.067500 6.060606e-03
0.677210 -0.650452 0.225067 0.527985 0.539740 0.000003 0.067500 6.060606e-03
0.607247 0.663004 -0.306918 -0.518806 0.483943 -0.000018 0.067500 6.060606e-03
0.389033 0.367504 -0.652992 -0.283303 0.310024 -0.000013 0.067500 6.060606e-03
-0.750289 0.622510 0.374649 -0.486518 -0.598034 0.000003 0.067500 6.060606e-03
0.238420 1.011620 0.051173 -0.796645 0.189988 -0.000015 0.067500 6.060606e-03
-0.448443 0.472782 -0.689359 -0.367210 -0.357465 0.000006 0.067500 6.060606e-03
-0.040511 -0.575736 -0.392725 0.468425 -0.032329 0.000014 0.067500 6.060606e-03
-0.005184 0.983735 -0.249378 -0.774426 -0.004176 -0.000010 0.067500 6.060606e-03
-0.036968 -0.544435 -0.689872 0.443479 -0.029509 0.000008 0.067500 6.060606e-03
0.257790 0.142407 0.059731 -0.103898 0.205433 -0.000002 0.067500 6.060606e-03
0.677065 0.682530 0.137213 -0.534358 0.539597 -0.000018 0.067500 6.060606e-03
-0.028068 -0.119589 0.662035 0.104911 -0.022396 0.000007 0.067500 6.060606e-03
-0.148808 -0.536001 -0.118267 0.436756 -0.118646 0.000014 0.067500 6.060606e-03
-0.683631 0.501946 -0.524693 -0.390446 -0.544915 0.000012 0.067500 6.060606e-03
0.047703 0.940967 0.252288 -0.740330 0.037986 -0.000010 0.067500 6.060606e-03
0.313978 -0.912065 0.065871 0.736476 0.250250 0.000012 0.067500 6.060606e-03
0.143619 -0.135429 0.366935 0.117529 0.114442 0.000006 0.067500 6.060606e-03
-0.001756 -1.950391 -0.085221 0.653914 0.005013 -0.000909 0.035000 5.555556e-04
-0.095705 -2.077069 -0.088426 0.695305 -0.025706 0.000029 0.035000 5.555556e-04
0.072210 -2.145555 -0.158228 0.717514 0.028783 -0.000009 0.035000 5.555556e-04
0.020559 -2.263257 0.120496 0.756674 0.013458 0.000777 0.035000 5.555556e-04
0.011829 -2.166910 -0.026999 0.724820 0.009781 0.000262 0.035000 5.555556e-04
0.116855 -1.996040 0.050211 0.669171 0.044531 -0.000949 0.035000 5.555556e-04
0.141979 -2.189397 0.062888 0.732393 0.052817 0.000064 0.035000 5.555556e-04
-0.155802 -2.084665 0.102205 0.698262 -0.044283 0.000223 0.035000 5.555556e-04
0.149077 -1.971444 -0.113387 0.660725 0.054149 -0.001167 0.035000 5.555556e-04
-0.079284 -2.225329 -0.124989 0.743667 -0.020540 0.000813 0.035000 5.555556e-04
-0.157688 -1.929283 -0.089695 0.647002 -0.045972 -0.000639 0.035000 5.555556e-04
0.182801 -2.084885 -0.036238 0.697992 0.065603 -0.000620 0.035000 5.555556e-04
0.009642 -2.107554 0.155668 0.705877 0.010081 -0.000060 0.035000 5.555556e-04
-0.079766 -1.871911 0.036578 0.628565 -0.019809 -0.001148 0.035000 5.555556e-04
0.030864 -2.309340 -0.018261 0.771389 0.016055 0.001006 0.035000 5.555556e-04
-0.155997 -2.209994 0.008142 0.738986 -0.044868 0.000920 0.035000 5.555556e-04
0.054129 -1.831745 0.021980 0.615406 0.023865 -0.001701 0.035000 5.555556e-04
0.023203 -1.954878 0.147429 0.655961 0.014465 -0.000943 0.035000 5.555556e-04
