116000.000088
-0.208309 -0.677069 0.509432 0.562525 -0.154684 0.000044 0.067500 6.060606e-03
-0.208456 0.315825 -0.842668 -0.228542 -0.154890 -0.000027 0.067500 6.060606e-03
0.857424 -0.100389 -0.441342 0.103081 0.694515 0.000116 0.067500 6.060606e-03
0.377596 0.323269 0.309169 -0.234596 0.312208 0.000034 0.067500 6.060606e-03
0.031200 0.667269 0.326368 -0.508722 0.036173 -0.000027 0.067500 6.060606e-03
0.845132 0.084415 -0.181423 -0.044212 0.684740 0.000101 0.067500 6.060606e-03
-0.464390 0.193038 0.517097 -0.130837 -0.358741 -0.000044 0.067500 6.060606e-03
0.096524 -0.383331 0.153407 0.328488 0.088210 0.000055 0.067500 6.060606e-03
-0.344767 -0.103186 0.836603 0.105181 -0.263394 -0.000011 0.067500 6.060606e-03
-0.310599 0.003026 -0.494153 0.020684 -0.236263 -0.000015 0.067500 6.060606e-03
-0.092256 0.083762 0.824778 -0.043792 -0.062174 0.000002 0.067500 6.060606e-03
0.619640 -0.744518 -0.039594 0.616323 0.505056 0.000136 0.067500 6.060606e-03
0.182813 0.282020 -0.808824 -0.201608 0.156907 0.000016 0.067500 6.060606e-03
-0.532647 0.040585 0.045328 -0.009300 -0.413169 -0.000041 0.067500 6.060606e-03
0.351574 -0.209368 -0.186162 0.189897 0.291432 0.000069 0.067500 6.060606e-03
0.241126 0.876893 0.066615 -0.675738 0.203442 -0.000019 0.067500 6.060606e-03
-0.628272 0.744590 -0.026559 -0.570298 -0.489373 -0.000101 0.067500 6.060606e-03
-0.957463 0.411152 -0.118472 -0.304577 -0.751706 -0.000111 0.067500 6.060606e-03
-0.218797 -0.055830 -0.020528 0.067535 -0.163074 -0.000001 0.067500 6.060606e-03
-0.519508 0.458057 -0.053479 -0.341963 -0.402704 -0.000069 0.067500 6.060606e-03
0.605955 0.488997 0.585484 -0.366690 0.494202 0.000047 0.067500 6.060606e-03
-0.484833 -0.500551 -0.439115 0.421965 -0.375105 0.000003 0.067500 6.060606e-03
-0.451407 0.464583 0.581595 -0.347230 -0.348390 -0.000063 0.067500 6.060606e-03
0.480328 -0.694738 0.452842 0.576604 0.394075 0.000118 0.067500 6.060606e-03
0.089542 -0.271818 0.547475 0.239586 0.082676 0.000046 0.067500 6.060606e-03
0.548533 0.414751 0.097375 -0.307474 0.448408 0.000046 0.067500 6.060606e-03
-0.582400 -0.033830 0.665630 0.049934 -0.452772 -0.000042 0.067500 6.060606e-03
-0.540257 -0.232129 -0.592933 0.208083 -0.419281 -0.000022 0.067500 6.060606e-03
0.497554 0.276109 -0.192871 -0.196964 0.407763 0.000050 0.067500 6.060606e-03
0.521938 -0.447077 -0.215315 0.379321 0.427189 0.000105 0.067500 6.060606e-03
-0.422789 0.591582 0.162679 -0.448389 -0.325615 -0.000069 0.067500 6.060606e-03
0.725254 0.336114 -0.466472 -0.244752 0.589192 0.000070 0.067500 6.060606e-03
-0.324246 0.183671 -0.185369 -0.123299 -0.247115 -0.000029 0.067500 6.060606e-03
-0.489256 -0.342419 0.632655 0.295843 -0.378551 -0.000010 0.067500 6.060606e-03
0.935762 -0.036756 0.361938 0.052287 0.757000 0.000119 0.067500 6.060606e-03
-0.177977 -0.409711 0.274757 0.349500 -0.130528 0.000028 0.067500 6.060606e-03
0.741951 -0.503080 0.127292 0.423909 0.602539 0.000132 0.067500 6.060606e-03
0.543159 -0.431339 0.652221 0.366690 0.444161 0.000105 0.067500 6.060606e-03
-0.268219 -0.569463 -0.244573 0.476858 -0.202477 0.000030 0.067500 6.060606e-03
-0.869922 -0.390527 -0.358929 0.334283 -0.681967 -0.000045 0.067500 6.060606e-03
-0.029429 0.560264 -0.159272 -0.423400 -0.012175 -0.000025 0.067500 6.060606e-03
0.075692 -0.198982 -0.489109 0.181655 0.071566 0.000039 0.067500 6.060606e-03
-0.628026 -0.331687 -0.068290 0.287365 -0.489184 -0.000025 0.067500 6.060606e-03
-0.194000 0.443085 -0.362447 -0.330002 -0.143335 -0.000034 0.067500 6.060606e-03
-0.237526 -0.263067 -0.764861 0.232754 -0.178054 0.000012 0.067500 6.060606e-03
-0.181665 0.452994 0.412263 -0.337979 -0.133449 -0.000033 0.067500 6.060606e-03
-0.339499 -0.243938 -0.330397 0.217466 -0.259283 0.000000 0.067500 6.060606e-03
-0.031220 -0.870000 0.062122 0.716313 -0.013599 0.000077 0.067500 6.060606e-03
0.246276 0.321120 0.616146 -0.232916 0.207582 0.000020 0.067500 6.060606e-03
0.392722 -0.098131 0.818575 0.101152 0.324294 0.000066 0.067500 6.060606e-03
0.684858 -0.076359 0.130392 0.083870 0.557043 0.000095 0.067500 6.060606e-03
-0.628748 -0.013924 -0.436112 0.034186 -0.489784 -0.000047 0.067500 6.060606e-03
0.311364 -0.125038 -0.738123 0.122756 0.259351 0.000059 0.067500 6.060606e-03
0.095422 0.391732 -0.481409 -0.289069 0.087292 -0.000000 0.067500 6.060606e-03
0.087029 0.800089 -0.371063 -0.614489 0.080613 -0.000031 0.067500 6.060606e-03
0.312675 -0.456037 0.429142 0.386395 0.260476 0.000084 0.067500 6.060606e-03
-0.266451 0.991437 -0.105495 -0.766997 -0.201049 -0.000081 0.067500 6.060606e-03
0.479657 -0.191514 -0.437710 0.175696 0.393482 0.000082 0.067500 6.060606e-03
-0.806765 -0.093261 0.006525 0.097363 -0.631611 -0.000060 0.067500 6.060606e-03
0.447996 0.358184 -0.495323 -0.262335 0.368250 0.000038 0.067500 6.060606e-03
0.676131 0.613908 0.313542 -0.466199 0.550105 0.000045 0.067500 6.060606e-03
0.285938 0.120170 0.121619 -0.072733 0.239152 0.000039 0.067500 6.060606e-03
-0.502155 -0.645390 0.106776 0.537326 -0.388872 0.000011 0.067500 6.060606e-03
0.232824 -0.782211 0.314941 0.646327 0.196833 0.000099 0.067500 6.060606e-03
-0.117293 0.087241 0.457211 -0.046525 -0.082151 -0.000001 0.067500 6.060606e-03
0.620690 0.228644 0.430142 -0.159206 0.505932 0.000067 0.067500 6.060606e-03
0.220107 -0.580119 -0.008107 0.485319 0.186677 0.000082 0.067500 6.060606e-03
0.808727 0.389945 -0.214934 -0.287674 0.655728 0.000074 0.067500 6.060606e-03
-0.245994 0.613079 -0.664389 -0.465434 -0.184789 -0.000052 0.067500 6.060606e-03
-0.357383 0.754106 0.387023 -0.577925 -0.273477 -0.000074 0.067500 6.060606e-03
0.432539 -0.110410 0.315102 0.110988 0.355987 0.000071 0.067500 6.060606e-03
-0.473854 0.724323 -0.329324 -0.554115 -0.366342 -0.000083 0.067500 6.060606e-03
0.003197 -0.846675 -0.239816 0.697758 0.013806 0.000078 0.067500 6.060606e-03
-0.536027 -0.192477 0.321631 0.176392 -0.415845 -0.000025 0.067500 6.060606e-03
-0.281914 -0.979589 0.086972 0.803640 -0.213372 0.000059 0.067500 6.060606e-03
0.097892 0.555553 0.588817 -0.419726 0.089338 -0.000011 0.067500 6.060606e-03
-0.957273 -0.354837 0.082314 0.305799 -0.751543 -0.000057 0.067500 6.060606e-03
-0.509285 0.386241 -0.380328 -0.284701 -0.394581 -0.000063 0.067500 6.060606e-03
0.059553 -0.072442 0.300550 0.080736 0.058762 0.000029 0.067500 6.060606e-03
-0.735272 0.351863 0.486414 -0.257396 -0.574604 -0.000085 0.067500 6.060606e-03
-0.248480 -0.141762 0.560564 0.135951 -0.186685 0.000002 0.067500 6.060606e-03
-0.040614 -0.010688 -0.224336 0.031583 -0.021097 0.000014 0.067500 6.060606e-03
0.408805 0.722614 -0.556118 -0.552733 0.337015 0.000008 0.067500 6.060606e-03
-0.055259 -0.686092 -0.578487 0.569830 -0.032799 0.000060 0.067500 6.060606e-03
-0.507681 -0.029011 -0.790026 0.046245 -0.393335 -0.000032 0.067500 6.060606e-03
0.339475 -0.841746 0.055271 0.693796 0.281802 0.000114 0.067500 6.060606e-03
0.291690 0.145913 -0.604287 -0.093171 0.243684 0.000038 0.067500 6.060606e-03
-0.240871 -0.478538 0.793005 0.404295 -0.180607 0.000026 0.067500 6.060606e-03
0.686942 0.748769 -0.010634 -0.573632 0.558696 0.000036 0.067500 6.060606e-03
0.446844 0.117636 0.632603 -0.070767 0.367412 0.000056 0.067500 6.060606e-03
-0.778247 -0.204688 0.495818 0.186105 -0.608851 -0.000050 0.067500 6.060606e-03
0.671104 0.606889 -0.450551 -0.460526 0.546042 0.000044 0.067500 6.060606e-03
-0.960996 0.355383 0.153784 -0.260164 -0.754502 -0.000108 0.067500 6.060606e-03
-0.287280 -0.321728 -0.070112 0.279426 -0.217653 0.000010 0.067500 6.060606e-03
0.341691 0.565148 0.445297 -0.427357 0.283606 0.000013 0.067500 6.060606e-03
0.857337 -0.319647 -0.154413 0.277767 0.694466 0.000132 0.067500 6.060606e-03
-0.335447 -0.912906 -0.248699 0.750540 -0.256053 0.000047 0.067500 6.060606e-03
0.023903 0.273972 -0.125925 -0.195266 0.030325 0.000001 0.067500 6.060606e-03
0.541076 0.561065 -0.204533 -0.424036 0.442445 0.000034 0.067500 6.060606e-03
-0.911561 0.115866 -0.351300 -0.069248 -0.715145 -0.000086 0.067500 6.060606e-03
0.272628 0.807946 0.342391 -0.620825 0.228563 -0.000011 0.067500 6.060606e-03
-0.622000 0.641120 0.375701 -0.487886 -0.484346 -0.000093 0.067500 6.060606e-03
0.274397 -0.683288 -0.576796 0.567594 0.229901 0.000094 0.067500 6.060606e-03
0.043772 -0.333246 -0.148565 0.288610 0.046152 0.000047 0.067500 6.060606e-03
0.140630 0.574815 -0.681505 -0.434942 0.123303 -0.000009 0.067500 6.060606e-03
0.086448 0.380359 0.150197 -0.280072 0.080186 -0.000000 0.067500 6.060606e-03
-0.150623 0.522970 0.778015 -0.393780 -0.108686 -0.000035 0.067500 6.060606e-03
0.943128 -0.145118 0.066998 0.138668 0.762849 0.000128 0.067500 6.060606e-03
0.639839 -0.324056 0.378365 0.281227 0.521184 0.000108 0.067500 6.060606e-03
0.242005 -0.500726 0.758862 0.421973 0.204184 0.000079 0.067500 6.060606e-03
0.025115 0.989708 -0.142178 -0.765615 0.031292 -0.000051 0.067500 6.060606e-03
0.078602 -0.841681 0.529979 0.693696 0.073951 0.000087 0.067500 6.060606e-03
0.726974 -0.444402 -0.404578 0.377209 0.590565 0.000127 0.067500 6.060606e-03
0.860890 0.399908 0.310771 -0.295669 0.697334 0.000080 0.067500 6.060606e-03
-0.072654 0.877284 0.479805 -0.676093 -0.046574 -0.000052 0.067500 6.060606e-03
0.080272 -0.039673 -0.858736 0.054745 0.075190 0.000029 0.067500 6.060606e-03
0.858581 0.130659 0.082168 -0.081090 0.695477 0.000099 0.067500 6.060606e-03
-0.489945 -0.457994 0.351921 0.387971 -0.379123 -0.000001 0.067500 6.060606e-03
-0.205880 0.848752 -0.425308 -0.653262 -0.152805 -0.000065 0.067500 6.060606e-03
-0.554353 -0.749258 -0.283605 0.620137 -0.430495 0.000013 0.067500 6.060606e-03
0.424578 0.839208 -0.304599 -0.645670 0.349603 0.000001 0.067500 6.060606e-03
0.732064 0.043227 0.649880 -0.011476 0.594698 0.000091 0.067500 6.060606e-03
0.253037 0.198496 0.865990 -0.135226 0.212987 0.000030 0.067500 6.060606e-03
-0.039842 1.033348 0.121109 -0.800418 -0.020451 -0.000060 0.067500 6.060606e-03
-0.073968 0.000600 -0.634338 0.022630 -0.047705 0.000010 0.067500 6.060606e-03
0.665710 -0.148994 -0.646397 0.141835 0.541728 0.000098 0.067500 6.060606e-03
0.344414 -0.827394 -0.339941 0.682401 0.285710 0.000113 0.067500 6.060606e-03
-0.119508 -0.401260 -0.397189 0.342835 -0.083982 0.000033 0.067500 6.060606e-03
-0.604034 0.187788 -0.203809 -0.126577 -0.470072 -0.000059 0.067500 6.060606e-03
0.266873 -0.568733 -0.304724 0.476277 0.223924 0.000086 0.067500 6.060606e-03
-0.353337 0.113122 0.256798 -0.067127 -0.270266 -0.000028 0.067500 6.060606e-03
-0.804182 0.263548 -0.561151 -0.186909 -0.629591 -0.000085 0.067500 6.060606e-03
-0.862883 -0.469118 0.305733 0.396843 -0.676310 -0.000040 0.067500 6.060606e-03
0.277214 0.213579 -0.333903 -0.147120 0.232169 0.000031 0.067500 6.060606e-03
0.107385 -0.469699 -0.668034 0.397402 0.096807 0.000062 0.067500 6.060606e-03
-0.310135 0.255190 0.826877 -0.180398 -0.235795 -0.000033 0.067500 6.060606e-03
0.068055 -0.167735 0.857444 0.156615 0.065577 0.000037 0.067500 6.060606e-03
-0.726981 -0.637842 -0.109777 0.531335 -0.568045 -0.000013 0.067500 6.060606e-03
0.385479 -0.433810 -0.681021 0.368802 0.318414 0.000089 0.067500 6.060606e-03
0.009678 0.063093 0.064750 -0.027243 0.019001 0.000014 0.067500 6.060606e-03
-0.883113 0.111928 0.458290 -0.066193 -0.692418 -0.000083 0.067500 6.060606e-03
-0.628506 0.303405 0.198959 -0.218751 -0.489544 -0.000070 0.067500 6.060606e-03
-0.566548 0.606180 -0.588975 -0.459942 -0.440227 -0.000084 0.067500 6.060606e-03
-0.188910 0.786092 0.101001 -0.603384 -0.139243 -0.000058 0.067500 6.060606e-03
0.301147 0.557108 0.014399 -0.420905 0.251266 0.000009 0.067500 6.060606e-03
0.225045 0.585967 -0.261343 -0.443873 0.190603 -0.000001 0.067500 6.060606e-03
-0.237582 -0.677452 0.188762 0.562864 -0.178035 0.000041 0.067500 6.060606e-03
0.444103 -0.596578 0.160488 0.498414 0.365189 0.000107 0.067500 6.060606e-03
0.517352 0.824320 0.225100 -0.633861 0.423571 0.000013 0.067500 6.060606e-03
-0.760479 0.512656 -0.306838 -0.385445 -0.594746 -0.000098 0.067500 6.060606e-03
-0.429752 0.352952 -0.652983 -0.258146 -0.331223 -0.000052 0.067500 6.060606e-03
-0.469427 -0.814105 0.374437 0.671742 -0.362774 0.000027 0.067500 6.060606e-03
-1.034783 0.085614 0.051195 -0.045182 -0.813309 -0.000097 0.067500 6.060606e-03
-0.378249 -0.489552 -0.689525 0.413226 -0.290188 0.000014 0.067500 6.060606e-03
0.576658 0.105270 -0.392857 -0.060807 0.470784 0.000070 0.067500 6.060606e-03
-0.962333 -0.148561 -0.249411 0.141458 -0.755597 -0.000072 0.067500 6.060606e-03
0.545231 0.103027 -0.690008 -0.058988 0.445719 0.000068 0.067500 6.060606e-03
-0.184199 0.265476 0.059710 -0.188514 -0.135495 -0.000021 0.067500 6.060606e-03
-0.792542 0.577563 0.137312 -0.437214 -0.620265 -0.000106 0.067500 6.060606e-03
0.126217 0.032893 0.661953 -0.003240 0.111912 0.000029 0.067500 6.060606e-03
0.557672 -0.008567 -0.118416 0.029877 0.455675 0.000077 0.067500 6.060606e-03
-0.363371 -0.726110 -0.524905 0.601716 -0.278323 0.000031 0.067500 6.060606e-03
-0.930043 -0.088779 0.252264 0.093767 -0.729831 -0.000074 0.067500 6.060606e-03
0.841602 0.515777 0.065809 -0.387976 0.681946 0.000069 0.067500 6.060606e-03
0.109982 0.204612 0.366887 -0.140047 0.098954 0.000014 0.067500 6.060606e-03
1.629633 -3.348934 -0.072047 0.438142 0.213876 -0.001271 0.035000 5.555556e-04
1.600926 -3.503969 -0.075806 0.459247 0.209982 -0.001842 0.035000 5.555556e-04
1.777797 -3.490221 -0.155069 0.457679 0.234279 -0.001126 0.035000 5.555556e-04
1.798194 -3.622275 0.121408 0.474589 0.236230 -0.001442 0.035000 5.555556e-04
1.740168 -3.537831 -0.022150 0.463649 0.228764 -0.001412 0.035000 5.555556e-04
1.763317 -3.339365 0.056620 0.436349 0.231679 -0.000732 0.035000 5.555556e-04
1.871499 -3.501669 0.061396 0.458411 0.246381 -0.000803 0.035000 5.555556e-04
1.560571 -3.539821 0.116980 0.463389 0.203917 -0.002103 0.035000 5.555556e-04
1.772606 -3.300924 -0.107349 0.431746 0.233431 -0.000582 0.035000 5.555556e-04
1.678893 -3.629036 -0.118248 0.476423 0.220715 -0.001918 0.035000 5.555556e-04
1.480312 -3.398828 -0.069288 0.444919 0.193555 -0.001989 0.035000 5.555556e-04
1.856901 -3.388674 -0.035694 0.443409 0.244685 -0.000522 0.035000 5.555556e-04
1.721880 -3.488082 0.162622 0.456176 0.225725 -0.001333 0.035000 5.555556e-04
1.531695 -3.314921 0.055749 0.433028 0.200172 -0.001543 0.035000 5.555556e-04
1.820285 -3.657060 -0.019283 0.479857 0.239654 -0.001462 0.035000 5.555556e-04
1.610475 -3.650888 0.018574 0.478873 0.211000 -0.002244 0.035000 5.555556e-04
1.633376 -3.219609 0.037018 0.420133 0.214060 -0.000871 0.035000 5.555556e-04
1.666431 -3.345134 0.159193 0.436743 0.218193 -0.001119 0.035000 5.555556e-04
