22000.000004
-0.490998 -0.515198 0.510218 0.424213 -0.397682 0.000101 0.067500 6.060606e-03
-0.026354 0.361471 -0.842400 -0.275081 -0.027068 0.000083 0.067500 6.060606e-03
0.720377 -0.505501 -0.440983 0.416116 0.568058 -0.000401 0.067500 6.060606e-03
0.495284 0.093921 0.309350 -0.061342 0.388491 -0.000188 0.067500 6.060606e-03
0.350471 0.560140 0.326408 -0.432940 0.273057 -0.000035 0.067500 6.060606e-03
0.796210 -0.336372 -0.181165 0.281422 0.628449 -0.000399 0.067500 6.060606e-03
-0.309493 0.373488 0.517451 -0.284098 -0.253020 0.000202 0.067500 6.060606e-03
-0.084189 -0.398683 0.154005 0.331204 -0.073346 -0.000044 0.067500 6.060606e-03
-0.342508 0.055872 0.837096 -0.030809 -0.279394 0.000151 0.067500 6.060606e-03
-0.263035 0.133138 -0.493706 -0.092947 -0.215788 0.000136 0.067500 6.060606e-03
-0.031840 0.102703 0.825141 -0.068137 -0.031766 0.000033 0.067500 6.060606e-03
0.208622 -0.962966 -0.038865 0.780898 0.160104 -0.000276 0.067500 6.060606e-03
0.303473 0.148283 -0.808588 -0.105139 0.235826 -0.000098 0.067500 6.060606e-03
-0.441400 0.270593 0.045776 -0.202283 -0.358067 0.000235 0.067500 6.060606e-03
0.222523 -0.364646 -0.185684 0.303948 0.171192 -0.000167 0.067500 6.060606e-03
0.634059 0.646854 0.066518 -0.502161 0.499148 -0.000136 0.067500 6.060606e-03
-0.196017 0.937315 -0.026477 -0.733723 -0.162469 0.000268 0.067500 6.060606e-03
-0.643108 0.796955 -0.118169 -0.621887 -0.518812 0.000426 0.067500 6.060606e-03
-0.209344 0.038326 -0.020067 -0.017179 -0.173085 0.000095 0.067500 6.060606e-03
-0.234206 0.633206 -0.053257 -0.491342 -0.192901 0.000222 0.067500 6.060606e-03
0.774777 0.133439 0.585549 -0.092722 0.611210 -0.000295 0.067500 6.060606e-03
-0.652909 -0.230076 -0.438375 0.196564 -0.526553 0.000226 0.067500 6.060606e-03
-0.170758 0.607320 0.581802 -0.470444 -0.142451 0.000189 0.067500 6.060606e-03
0.109053 -0.853505 0.453556 0.693850 0.080635 -0.000212 0.067500 6.060606e-03
-0.037958 -0.296730 0.548005 0.250112 -0.036575 -0.000044 0.067500 6.060606e-03
0.689084 0.094553 0.097489 -0.061932 0.543004 -0.000268 0.067500 6.060606e-03
-0.519999 0.228420 0.666116 -0.168410 -0.420838 0.000257 0.067500 6.060606e-03
-0.576145 0.032966 -0.592328 -0.013153 -0.465338 0.000246 0.067500 6.060606e-03
0.578977 -0.004160 -0.192675 0.016627 0.455301 -0.000242 0.067500 6.060606e-03
0.261628 -0.654485 -0.214730 0.534951 0.202376 -0.000238 0.067500 6.060606e-03
-0.086117 0.705936 0.162817 -0.549220 -0.074906 0.000175 0.067500 6.060606e-03
0.808149 -0.057961 -0.466335 0.059396 0.638018 -0.000349 0.067500 6.060606e-03
-0.190331 0.299253 -0.185021 -0.225220 -0.157900 0.000139 0.067500 6.060606e-03
-0.582326 -0.087857 0.633293 0.083664 -0.470508 0.000223 0.067500 6.060606e-03
0.819690 -0.485660 0.362246 0.400639 0.647059 -0.000436 0.067500 6.060606e-03
-0.339006 -0.293315 0.275398 0.247264 -0.276487 0.000081 0.067500 6.060606e-03
0.429871 -0.806906 0.127875 0.656578 0.336411 -0.000337 0.067500 6.060606e-03
0.288060 -0.650164 0.652781 0.531867 0.223265 -0.000249 0.067500 6.060606e-03
-0.493771 -0.392376 -0.243823 0.326005 -0.399745 0.000128 0.067500 6.060606e-03
-0.941515 0.047605 -0.358202 -0.024730 -0.756609 0.000401 0.067500 6.060606e-03
0.246594 0.493816 -0.159163 -0.380279 0.190357 -0.000005 0.067500 6.060606e-03
-0.016436 -0.226325 -0.488599 0.193566 -0.019221 -0.000039 0.067500 6.060606e-03
-0.700144 -0.013642 -0.067629 0.024212 -0.564279 0.000286 0.067500 6.060606e-03
0.046227 0.467327 -0.362253 -0.359253 0.030688 0.000074 0.067500 6.060606e-03
-0.323268 -0.136292 -0.764274 0.121686 -0.263742 0.000109 0.067500 6.060606e-03
0.062045 0.470620 0.412444 -0.361554 0.043146 0.000067 0.067500 6.060606e-03
-0.404233 -0.071431 -0.329812 0.070164 -0.328366 0.000157 0.067500 6.060606e-03
-0.425124 -0.768812 0.062997 0.626169 -0.345081 0.000023 0.067500 6.060606e-03
0.378373 0.153679 0.616342 -0.108847 0.295244 -0.000128 0.067500 6.060606e-03
0.311362 -0.285239 0.818973 0.241078 0.241797 -0.000185 0.067500 6.060606e-03
0.579395 -0.403174 0.130754 0.334795 0.455576 -0.000320 0.067500 6.060606e-03
-0.552012 0.267269 -0.435619 -0.199835 -0.446134 0.000282 0.067500 6.060606e-03
0.226319 -0.271531 -0.737679 0.229499 0.174321 -0.000148 0.067500 6.060606e-03
0.277801 0.286293 -0.481224 -0.215006 0.215297 -0.000058 0.067500 6.060606e-03
0.461778 0.651027 -0.371098 -0.505671 0.361915 -0.000064 0.067500 6.060606e-03
0.072791 -0.564081 0.429747 0.463153 0.051731 -0.000141 0.067500 6.060606e-03
0.239265 0.985814 -0.105591 -0.772410 0.184499 0.000096 0.067500 6.060606e-03
0.343951 -0.408990 -0.437253 0.339187 0.268025 -0.000223 0.067500 6.060606e-03
-0.746293 0.280777 0.007078 -0.210419 -0.601080 0.000364 0.067500 6.060606e-03
0.573546 0.091441 -0.495164 -0.059700 0.451032 -0.000223 0.067500 6.060606e-03
0.895208 0.210794 0.313533 -0.154490 0.707254 -0.000330 0.067500 6.060606e-03
0.319072 -0.042633 0.121921 0.047417 0.248076 -0.000142 0.067500 6.060606e-03
-0.735888 -0.349692 0.107588 0.292119 -0.592805 0.000236 0.067500 6.060606e-03
-0.150634 -0.814871 0.315735 0.662997 -0.126327 -0.000098 0.067500 6.060606e-03
-0.052459 0.117356 0.457578 -0.079967 -0.048128 0.000044 0.067500 6.060606e-03
0.665741 -0.103533 0.430345 0.096093 0.524335 -0.000296 0.067500 6.060606e-03
-0.067288 -0.630510 -0.007417 0.515915 -0.059837 -0.000096 0.067500 6.060606e-03
0.907207 -0.049415 -0.214836 0.052691 0.716924 -0.000389 0.067500 6.060606e-03
0.079840 0.641739 -0.664280 -0.498395 0.057539 0.000095 0.067500 6.060606e-03
0.047900 0.818959 0.387064 -0.639213 0.031871 0.000141 0.067500 6.060606e-03
0.340600 -0.314952 0.315508 0.264551 0.265204 -0.000203 0.067500 6.060606e-03
-0.069207 0.846926 -0.329249 -0.661803 -0.061332 0.000197 0.067500 6.060606e-03
-0.383898 -0.764456 -0.238954 0.622575 -0.312161 0.000009 0.067500 6.060606e-03
-0.553497 0.066392 0.322199 -0.039411 -0.447470 0.000240 0.067500 6.060606e-03
-0.697937 -0.748151 0.087939 0.609704 -0.562551 0.000143 0.067500 6.060606e-03
0.357132 0.430303 0.588908 -0.329343 0.278317 -0.000063 0.067500 6.060606e-03
-1.001797 0.120250 0.083025 -0.082442 -0.804748 0.000439 0.067500 6.060606e-03
-0.258945 0.564836 -0.380066 -0.436984 -0.212552 0.000219 0.067500 6.060606e-03
0.028887 -0.106643 0.300980 0.098506 0.016746 -0.000034 0.067500 6.060606e-03
-0.474384 0.640713 0.486717 -0.497102 -0.384447 0.000321 0.067500 6.060606e-03
-0.275623 -0.023440 0.561068 0.032292 -0.226025 0.000108 0.067500 6.060606e-03
-0.030855 -0.005371 -0.223917 0.017567 -0.030773 0.000011 0.067500 6.060606e-03
0.709669 0.431727 -0.556151 -0.330951 0.559539 -0.000211 0.067500 6.060606e-03
-0.360409 -0.595336 -0.577696 0.487639 -0.293376 0.000034 0.067500 6.060606e-03
-0.452260 0.197060 -0.789533 -0.144020 -0.366557 0.000228 0.067500 6.060606e-03
-0.084409 -0.917550 0.056084 0.744730 -0.073485 -0.000145 0.067500 6.060606e-03
0.335953 -0.022889 -0.603991 0.031379 0.261677 -0.000145 0.067500 6.060606e-03
-0.426625 -0.324429 0.793684 0.272291 -0.346428 0.000111 0.067500 6.060606e-03
0.967836 0.324732 -0.010716 -0.245440 0.765207 -0.000339 0.067500 6.060606e-03
0.460215 -0.120060 0.632882 0.109345 0.360478 -0.000215 0.067500 6.060606e-03
-0.773136 0.169180 0.496423 -0.121265 -0.622574 0.000351 0.067500 6.060606e-03
0.887200 0.206628 -0.450554 -0.151490 0.701022 -0.000330 0.067500 6.060606e-03
-0.672263 0.749456 0.154115 -0.583914 -0.542105 0.000427 0.067500 6.060606e-03
-0.394459 -0.164513 -0.069497 0.144461 -0.320623 0.000130 0.067500 6.060606e-03
0.576954 0.324483 0.445353 -0.245055 0.453558 -0.000176 0.067500 6.060606e-03
0.617659 -0.699040 -0.153937 0.570495 0.486136 -0.000394 0.067500 6.060606e-03
-0.714099 -0.664291 -0.247759 0.542719 -0.575364 0.000164 0.067500 6.060606e-03
0.159567 0.215920 -0.125671 -0.158768 0.120986 -0.000024 0.067500 6.060606e-03
0.750949 0.227178 -0.204496 -0.167768 0.592373 -0.000268 0.067500 6.060606e-03
-0.741007 0.514485 -0.350844 -0.396842 -0.596795 0.000410 0.067500 6.060606e-03
0.629677 0.571296 0.342327 -0.441824 0.495601 -0.000149 0.067500 6.060606e-03
-0.238815 0.843131 0.375836 -0.658485 -0.196661 0.000265 0.067500 6.060606e-03
-0.067869 -0.747322 -0.576052 0.608790 -0.060187 -0.000121 0.067500 6.060606e-03
-0.107428 -0.329842 -0.147981 0.276211 -0.091812 -0.000020 0.067500 6.060606e-03
0.403455 0.426766 -0.681424 -0.327053 0.315491 -0.000084 0.067500 6.060606e-03
0.264772 0.280714 0.150386 -0.210296 0.204785 -0.000056 0.067500 6.060606e-03
0.122390 0.518043 0.778151 -0.399201 0.091173 0.000051 0.067500 6.060606e-03
0.775314 -0.584963 0.067366 0.479664 0.611749 -0.000438 0.067500 6.060606e-03
0.423643 -0.600802 0.378861 0.492410 0.331387 -0.000294 0.067500 6.060606e-03
-0.010461 -0.570307 0.759497 0.468256 -0.014698 -0.000107 0.067500 6.060606e-03
0.496018 0.847651 -0.142310 -0.662298 0.389160 -0.000039 0.067500 6.060606e-03
-0.314665 -0.795055 0.530820 0.647290 -0.257121 -0.000026 0.067500 6.060606e-03
0.443944 -0.748270 -0.404016 0.609625 0.347725 -0.000332 0.067500 6.060606e-03
0.958148 -0.064836 0.310854 0.065203 0.757424 -0.000411 0.067500 6.060606e-03
0.357189 0.794401 0.479745 -0.619597 0.278380 0.000008 0.067500 6.060606e-03
0.062127 -0.087882 -0.858308 0.083071 0.043470 -0.000042 0.067500 6.060606e-03
0.829856 -0.301711 0.082398 0.253908 0.655215 -0.000405 0.067500 6.060606e-03
-0.637197 -0.189756 0.352626 0.164758 -0.514190 0.000226 0.067500 6.060606e-03
0.225798 0.831246 -0.425334 -0.649344 0.173830 0.000071 0.067500 6.060606e-03
-0.830811 -0.417154 -0.282725 0.345731 -0.668385 0.000260 0.067500 6.060606e-03
0.778330 0.527444 -0.304699 -0.407139 0.614217 -0.000220 0.067500 6.060606e-03
0.677323 -0.319434 0.650166 0.268269 0.533524 -0.000343 0.067500 6.060606e-03
0.326976 0.042284 0.866248 -0.019955 0.254228 -0.000129 0.067500 6.060606e-03
0.459178 0.916750 0.120962 -0.717265 0.359744 -0.000009 0.067500 6.060606e-03
-0.055178 0.020062 -0.633917 -0.002875 -0.050079 0.000027 0.067500 6.060606e-03
0.528164 -0.458693 -0.645987 0.378718 0.414894 -0.000312 0.067500 6.060606e-03
-0.073461 -0.907344 -0.339130 0.736433 -0.064687 -0.000147 0.067500 6.060606e-03
-0.283634 -0.313524 -0.396547 0.263097 -0.232219 0.000055 0.067500 6.060606e-03
-0.435576 0.433985 -0.203429 -0.332618 -0.353375 0.000267 0.067500 6.060606e-03
-0.020743 -0.642484 -0.304042 0.525339 -0.022681 -0.000119 0.067500 6.060606e-03
-0.248930 0.250741 0.257182 -0.186371 -0.204697 0.000151 0.067500 6.060606e-03
-0.577019 0.594549 -0.560786 -0.460743 -0.466044 0.000359 0.067500 6.060606e-03
-0.971882 -0.024846 0.306492 0.033298 -0.780947 0.000399 0.067500 6.060606e-03
0.354973 0.043786 -0.333644 -0.021652 0.276782 -0.000139 0.067500 6.060606e-03
-0.115357 -0.480411 -0.667380 0.396009 -0.098028 -0.000046 0.067500 6.060606e-03
-0.143988 0.356241 0.827176 -0.270219 -0.121157 0.000128 0.067500 6.060606e-03
-0.008054 -0.194581 0.857920 0.168830 -0.012805 -0.000033 0.067500 6.060606e-03
-0.931041 -0.237761 -0.108939 0.202818 -0.748313 0.000339 0.067500 6.060606e-03
0.147128 -0.579014 -0.680421 0.474602 0.111194 -0.000175 0.067500 6.060606e-03
0.048252 0.036367 0.065117 -0.015577 0.032224 -0.000014 0.067500 6.060606e-03
-0.717428 0.498010 0.458739 -0.383373 -0.578164 0.000394 0.067500 6.060606e-03
-0.402874 0.547759 0.199277 -0.423133 -0.327391 0.000275 0.067500 6.060606e-03
-0.206549 0.785881 -0.588822 -0.613256 -0.170751 0.000242 0.067500 6.060606e-03
0.211620 0.768158 0.101005 -0.598838 0.162426 0.000064 0.067500 6.060606e-03
0.537216 0.336201 0.014467 -0.254576 0.421969 -0.000157 0.067500 6.060606e-03
0.483410 0.397241 -0.261280 -0.303342 0.379137 -0.000122 0.067500 6.060606e-03
-0.517157 -0.501958 0.189557 0.413522 -0.418471 0.000115 0.067500 6.060606e-03
0.122945 -0.749937 0.161156 0.611180 0.091766 -0.000200 0.067500 6.060606e-03
0.853503 0.471040 0.224997 -0.361960 0.674029 -0.000262 0.067500 6.060606e-03
-0.421593 0.794248 -0.306613 -0.619808 -0.342211 0.000333 0.067500 6.060606e-03
-0.204383 0.498045 -0.652711 -0.383860 -0.169011 0.000185 0.067500 6.060606e-03
-0.785937 -0.513964 0.375332 0.423164 -0.632749 0.000227 0.067500 6.060606e-03
-0.863893 0.545665 0.051681 -0.421527 -0.694823 0.000467 0.067500 6.060606e-03
-0.553685 -0.270404 -0.688798 0.228606 -0.447415 0.000180 0.067500 6.060606e-03
0.568732 -0.192236 -0.392576 0.166449 0.447176 -0.000277 0.067500 6.060606e-03
-0.909729 0.304714 -0.248807 -0.229606 -0.731296 0.000439 0.067500 6.060606e-03
0.539809 -0.179616 -0.689720 0.156263 0.424181 -0.000261 0.067500 6.060606e-03
-0.028189 0.306002 0.059994 -0.230494 -0.028709 0.000071 0.067500 6.060606e-03
-0.419343 0.866797 0.137503 -0.677448 -0.340507 0.000345 0.067500 6.060606e-03
0.137269 -0.044675 0.662317 0.049269 0.103063 -0.000065 0.067500 6.060606e-03
0.498716 -0.283790 -0.118073 0.239536 0.391319 -0.000265 0.067500 6.060606e-03
-0.651333 -0.486294 -0.524055 0.400743 -0.525280 0.000175 0.067500 6.060606e-03
-0.853010 0.342605 0.252828 -0.259595 -0.686190 0.000420 0.067500 6.060606e-03
0.995315 0.046461 0.065833 -0.023610 0.787096 -0.000406 0.067500 6.060606e-03
0.203287 0.114514 0.367163 -0.077735 0.155738 -0.000063 0.067500 6.060606e-03
-0.989213 -2.325616 -0.037783 0.539452 -0.254191 0.009475 0.035000 5.555556e-04
-1.101094 -2.307248 -0.147360 0.542677 -0.274465 0.002788 0.035000 5.555556e-04
-1.076489 -2.500043 -0.141836 0.579482 -0.269798 0.002070 0.035000 5.555556e-04
-1.349835 -2.427145 -0.022476 0.558073 -0.323836 -0.013953 0.035000 5.555556e-04
-1.186500 -2.419867 -0.088669 0.560755 -0.291603 -0.003789 0.035000 5.555556e-04
-1.085474 -2.404488 0.100150 0.546137 -0.274344 0.002618 0.035000 5.555556e-04
-1.234463 -2.511357 0.033293 0.570855 -0.302265 -0.007811 0.035000 5.555556e-04
-1.237818 -2.202886 -0.044892 0.516244 -0.301987 -0.004437 0.035000 5.555556e-04
-0.958285 -2.469491 0.010515 0.564193 -0.248802 0.009715 0.035000 5.555556e-04
-1.186869 -2.400856 -0.233341 0.566021 -0.289984 -0.003587 0.035000 5.555556e-04
-1.000711 -2.187309 -0.112371 0.517401 -0.255522 0.010374 0.035000 5.555556e-04
-1.085606 -2.526936 0.031388 0.573972 -0.273577 0.001194 0.035000 5.555556e-04
-1.256545 -2.335085 0.068971 0.534689 -0.306929 -0.007128 0.035000 5.555556e-04
-1.021584 -2.187202 0.045281 0.507651 -0.261389 0.009080 0.035000 5.555556e-04
-1.295680 -2.499202 -0.138069 0.579093 -0.312059 -0.011443 0.035000 5.555556e-04
-1.273492 -2.289452 -0.170303 0.540667 -0.307399 -0.007638 0.035000 5.555556e-04
-0.956221 -2.284485 0.122938 0.521605 -0.249715 0.011984 0.035000 5.555556e-04
-1.133474 -2.277894 0.140376 0.519264 -0.284055 0.001126 0.035000 5.555556e-04
