68000.001903
-0.453759 0.617338 0.509678 -0.476409 -0.353272 -0.000143 0.067500 6.060606e-03
0.325432 0.002480 -0.842652 0.013961 0.267657 0.000090 0.067500 6.060606e-03
-0.661911 -0.576027 -0.441583 0.475081 -0.519384 0.000028 0.067500 6.060606e-03
-0.032031 -0.462477 0.308975 0.384431 -0.017122 0.000109 0.067500 6.060606e-03
0.452628 -0.403934 0.326206 0.337751 0.369254 0.000180 0.067500 6.060606e-03
-0.509284 -0.681058 -0.181707 0.558767 -0.397670 0.000070 0.067500 6.060606e-03
0.387732 0.278863 0.517214 -0.206591 0.317562 0.000053 0.067500 6.060606e-03
-0.412237 0.196193 0.153482 -0.140617 -0.320234 -0.000064 0.067500 6.060606e-03
0.081135 0.368506 0.836749 -0.278101 0.073197 -0.000013 0.067500 6.060606e-03
0.143306 0.276399 -0.494032 -0.204459 0.122531 0.000013 0.067500 6.060606e-03
0.071293 0.054477 0.824794 -0.027760 0.065345 0.000038 0.067500 6.060606e-03
-1.019935 0.009706 -0.039602 0.008084 -0.804722 -0.000131 0.067500 6.060606e-03
0.056357 -0.283598 -0.808931 0.242016 0.053153 0.000096 0.067500 6.060606e-03
0.310424 0.427130 0.045508 -0.324709 0.255854 0.000015 0.067500 6.060606e-03
-0.433841 -0.111648 -0.186211 0.104844 -0.337522 -0.000014 0.067500 6.060606e-03
0.486982 -0.698509 0.066335 0.572626 0.396592 0.000235 0.067500 6.060606e-03
0.922113 0.065755 -0.026518 -0.036622 0.743476 0.000176 0.067500 6.060606e-03
0.864547 0.530810 -0.118240 -0.407335 0.697569 0.000087 0.067500 6.060606e-03
0.040211 0.240656 -0.020427 -0.176042 0.040425 0.000003 0.067500 6.060606e-03
0.629857 0.158053 -0.053404 -0.110193 0.510486 0.000113 0.067500 6.060606e-03
-0.043557 -0.744515 0.585174 0.609225 -0.026267 0.000156 0.067500 6.060606e-03
-0.143822 0.725281 -0.438816 -0.562306 -0.106353 -0.000110 0.067500 6.060606e-03
0.592754 0.100307 0.581639 -0.064259 0.481012 0.000116 0.067500 6.060606e-03
-0.894515 0.087959 0.452865 -0.054380 -0.704654 -0.000125 0.067500 6.060606e-03
-0.320411 0.132376 0.547519 -0.089808 -0.246965 -0.000038 0.067500 6.060606e-03
-0.066214 -0.653232 0.097106 0.536533 -0.044412 0.000138 0.067500 6.060606e-03
0.282870 0.512045 0.665840 -0.392501 0.233992 -0.000003 0.067500 6.060606e-03
0.101160 0.602429 -0.592679 -0.464347 0.088919 -0.000050 0.067500 6.060606e-03
-0.143397 -0.527160 -0.193087 0.436081 -0.105990 0.000105 0.067500 6.060606e-03
-0.725973 -0.097952 -0.215362 0.093935 -0.570411 -0.000064 0.067500 6.060606e-03
0.674671 -0.000707 0.162688 0.016332 0.546248 0.000148 0.067500 6.060606e-03
-0.237467 -0.742913 -0.466777 0.608121 -0.181030 0.000125 0.067500 6.060606e-03
0.293510 0.174993 -0.185289 -0.123672 0.242327 0.000056 0.067500 6.060606e-03
-0.017009 0.630274 0.632910 -0.486744 -0.005076 -0.000072 0.067500 6.060606e-03
-0.660551 -0.677278 0.361650 0.555669 -0.518166 0.000045 0.067500 6.060606e-03
-0.262772 0.427893 0.274927 -0.325347 -0.201058 -0.000079 0.067500 6.060606e-03
-0.906307 -0.236012 0.127184 0.203939 -0.714112 -0.000070 0.067500 6.060606e-03
-0.726788 -0.124716 0.652154 0.115127 -0.570912 -0.000063 0.067500 6.060606e-03
-0.332178 0.597952 -0.244329 -0.460831 -0.256476 -0.000119 0.067500 6.060606e-03
0.181234 0.959212 -0.358531 -0.748808 0.152798 -0.000098 0.067500 6.060606e-03
0.406253 -0.289824 -0.159381 0.246865 0.332204 0.000152 0.067500 6.060606e-03
-0.254666 0.098517 -0.489066 -0.062649 -0.194732 -0.000021 0.067500 6.060606e-03
0.077445 0.732804 -0.067987 -0.568365 0.070106 -0.000075 0.067500 6.060606e-03
0.416327 -0.087959 -0.362472 0.085975 0.340204 0.000120 0.067500 6.060606e-03
-0.110784 0.384135 -0.764698 -0.290296 -0.080075 -0.000046 0.067500 6.060606e-03
0.416448 -0.104100 0.412223 0.098718 0.340430 0.000121 0.067500 6.060606e-03
-0.032564 0.452116 -0.330206 -0.344561 -0.017640 -0.000045 0.067500 6.060606e-03
-0.714920 0.598171 0.062359 -0.461053 -0.561544 -0.000182 0.067500 6.060606e-03
0.047682 -0.358223 0.615993 0.301272 0.046481 0.000104 0.067500 6.060606e-03
-0.372077 -0.213309 0.818474 0.185721 -0.288112 0.000011 0.067500 6.060606e-03
-0.536082 -0.455756 0.130199 0.379110 -0.418979 0.000028 0.067500 6.060606e-03
0.327233 0.536526 -0.435883 -0.411839 0.269172 -0.000001 0.067500 6.060606e-03
-0.342738 -0.132146 -0.738173 0.121273 -0.264987 0.000005 0.067500 6.060606e-03
0.196616 -0.283176 -0.481517 0.241623 0.165024 0.000119 0.067500 6.060606e-03
0.522244 -0.529793 -0.371269 0.438199 0.424633 0.000212 0.067500 6.060606e-03
-0.603284 0.071544 0.429159 -0.041291 -0.472491 -0.000076 0.067500 6.060606e-03
0.891512 -0.371157 -0.105635 0.311685 0.719066 0.000246 0.067500 6.060606e-03
-0.499229 -0.223115 -0.437801 0.193745 -0.389691 -0.000004 0.067500 6.060606e-03
0.375331 0.725214 0.006828 -0.562329 0.307592 -0.000025 0.067500 6.060606e-03
-0.048272 -0.539028 -0.495542 0.445590 -0.030208 0.000121 0.067500 6.060606e-03
0.010956 -0.876909 0.313181 0.714812 0.017140 0.000189 0.067500 6.060606e-03
-0.134576 -0.264566 0.121507 0.226691 -0.098898 0.000059 0.067500 6.060606e-03
-0.246738 0.828446 0.107114 -0.644636 -0.188300 -0.000144 0.067500 6.060606e-03
-0.809721 0.336452 0.315068 -0.252453 -0.637079 -0.000154 0.067500 6.060606e-03
0.089549 0.072115 0.457238 -0.041761 0.079836 0.000038 0.067500 6.060606e-03
-0.256981 -0.594614 0.429892 0.489754 -0.196433 0.000097 0.067500 6.060606e-03
-0.643261 0.221283 -0.008023 -0.160591 -0.504433 -0.000106 0.067500 6.060606e-03
-0.246977 -0.841889 -0.215281 0.686983 -0.188572 0.000140 0.067500 6.060606e-03
0.581947 -0.152417 -0.664434 0.137411 0.472183 0.000160 0.067500 6.060606e-03
0.761649 -0.152875 0.386966 0.137599 0.615623 0.000187 0.067500 6.060606e-03
-0.406388 -0.236733 0.314996 0.204476 -0.315553 0.000011 0.067500 6.060606e-03
0.810485 -0.042725 -0.329326 0.049906 0.654433 0.000177 0.067500 6.060606e-03
-0.717951 0.556829 -0.239595 -0.428047 -0.564012 -0.000174 0.067500 6.060606e-03
0.129642 0.574152 0.321865 -0.441953 0.111782 -0.000040 0.067500 6.060606e-03
-0.645505 0.862812 0.087321 -0.672028 -0.506201 -0.000216 0.067500 6.060606e-03
0.323620 -0.387114 0.588658 0.324304 0.266453 0.000154 0.067500 6.060606e-03
0.263387 1.005445 0.082732 -0.785736 0.218367 -0.000090 0.067500 6.060606e-03
0.567171 0.194687 -0.380236 -0.139343 0.460457 0.000096 0.067500 6.060606e-03
-0.145376 0.032406 0.300557 -0.010078 -0.107472 0.000008 0.067500 6.060606e-03
0.680278 0.392968 0.486581 -0.297548 0.550774 0.000082 0.067500 6.060606e-03
-0.008819 0.316980 0.560689 -0.236979 0.001439 -0.000019 0.067500 6.060606e-03
-0.034822 0.072939 -0.224304 -0.042306 -0.019429 0.000019 0.067500 6.060606e-03
0.261979 -0.734173 -0.556413 0.601164 0.217110 0.000206 0.067500 6.060606e-03
-0.555707 0.503286 -0.578283 -0.385309 -0.434731 -0.000138 0.067500 6.060606e-03
0.240345 0.451028 -0.789830 -0.343622 0.199840 -0.000002 0.067500 6.060606e-03
-0.922548 0.289782 0.055378 -0.215206 -0.727068 -0.000163 0.067500 6.060606e-03
-0.117937 -0.284738 -0.604399 0.242893 -0.085758 0.000068 0.067500 6.060606e-03
-0.277796 0.519691 0.793211 -0.398613 -0.212948 -0.000097 0.067500 6.060606e-03
0.110078 -0.968865 -0.011030 0.788170 0.096100 0.000220 0.067500 6.060606e-03
-0.236319 -0.389463 0.632432 0.326178 -0.179921 0.000063 0.067500 6.060606e-03
0.270215 0.771712 0.496137 -0.599476 0.223878 -0.000049 0.067500 6.060606e-03
0.008569 -0.868292 -0.450905 0.708068 0.015110 0.000187 0.067500 6.060606e-03
0.822974 0.568043 0.154028 -0.437060 0.664475 0.000075 0.067500 6.060606e-03
-0.125975 0.459257 -0.069923 -0.350296 -0.092062 -0.000061 0.067500 6.060606e-03
0.180018 -0.584307 0.445056 0.481528 0.151945 0.000164 0.067500 6.060606e-03
-0.833903 -0.440153 -0.154600 0.366721 -0.656445 -0.000022 0.067500 6.060606e-03
-0.559990 0.863621 -0.248350 -0.672617 -0.438084 -0.000201 0.067500 6.060606e-03
0.148548 -0.154200 -0.125986 0.138747 0.126767 0.000087 0.067500 6.060606e-03
0.053218 -0.737960 -0.204834 0.604128 0.050747 0.000172 0.067500 6.060606e-03
0.604393 0.677945 -0.351011 -0.524590 0.490137 0.000019 0.067500 6.060606e-03
0.413349 -0.680592 0.342115 0.558299 0.337940 0.000219 0.067500 6.060606e-03
0.837030 0.124812 0.375761 -0.083764 0.675716 0.000152 0.067500 6.060606e-03
-0.757862 0.242871 -0.576703 -0.177707 -0.595889 -0.000126 0.067500 6.060606e-03
-0.340234 0.206658 -0.148481 -0.148913 -0.262887 -0.000053 0.067500 6.060606e-03
0.312252 -0.432064 -0.681672 0.360347 0.257173 0.000163 0.067500 6.060606e-03
0.193252 -0.269346 0.150088 0.230493 0.162450 0.000112 0.067500 6.060606e-03
0.452108 -0.171987 0.777943 0.152778 0.368921 0.000139 0.067500 6.060606e-03
-0.750142 -0.615760 0.066737 0.506676 -0.589636 0.000020 0.067500 6.060606e-03
-0.702536 -0.266973 0.378243 0.228577 -0.551626 -0.000033 0.067500 6.060606e-03
-0.594544 0.154564 0.758913 -0.107529 -0.465467 -0.000088 0.067500 6.060606e-03
0.709415 -0.598859 -0.142416 0.493215 0.573889 0.000255 0.067500 6.060606e-03
-0.760783 0.494244 0.530171 -0.378280 -0.598028 -0.000172 0.067500 6.060606e-03
-0.850977 -0.260417 -0.404690 0.223478 -0.670095 -0.000055 0.067500 6.060606e-03
-0.271499 -0.889215 0.310401 0.724626 -0.208034 0.000144 0.067500 6.060606e-03
0.681798 -0.452697 0.479624 0.376595 0.551979 0.000225 0.067500 6.060606e-03
-0.132496 -0.003687 -0.858728 0.018885 -0.097403 0.000018 0.067500 6.060606e-03
-0.481337 -0.720390 0.081868 0.590079 -0.375349 0.000082 0.067500 6.060606e-03
-0.107267 0.702585 0.352207 -0.544343 -0.077074 -0.000099 0.067500 6.060606e-03
0.742005 -0.330094 -0.425428 0.279006 0.599823 0.000215 0.067500 6.060606e-03
-0.295877 0.933951 -0.283225 -0.728680 -0.227542 -0.000171 0.067500 6.060606e-03
0.343688 -0.818937 -0.304930 0.668696 0.282291 0.000233 0.067500 6.060606e-03
-0.471518 -0.567146 0.649636 0.467824 -0.367421 0.000056 0.067500 6.060606e-03
-0.052732 -0.287611 0.865862 0.244942 -0.033525 0.000075 0.067500 6.060606e-03
0.783922 -0.575052 0.120883 0.474191 0.633334 0.000265 0.067500 6.060606e-03
-0.005284 0.092282 -0.634293 -0.057659 0.004049 0.000021 0.067500 6.060606e-03
-0.581200 -0.395378 -0.646561 0.331104 -0.455073 0.000010 0.067500 6.060606e-03
-0.914346 0.277170 -0.339836 -0.205088 -0.720597 -0.000158 0.067500 6.060606e-03
-0.292383 0.377050 -0.397034 -0.284706 -0.224780 -0.000075 0.067500 6.060606e-03
0.470186 0.391990 -0.203639 -0.296657 0.383173 0.000047 0.067500 6.060606e-03
-0.663315 0.177650 -0.304657 -0.125759 -0.520472 -0.000101 0.067500 6.060606e-03
0.256183 0.241375 0.256898 -0.176662 0.212646 0.000037 0.067500 6.060606e-03
0.653710 0.502222 -0.560930 -0.384473 0.529417 0.000058 0.067500 6.060606e-03
0.115199 1.002135 0.306149 -0.783133 0.100270 -0.000113 0.067500 6.060606e-03
-0.055869 -0.315442 -0.334028 0.267323 -0.036232 0.000083 0.067500 6.060606e-03
-0.486733 0.241548 -0.667935 -0.176640 -0.379764 -0.000081 0.067500 6.060606e-03
0.340872 0.119164 0.826923 -0.079329 0.280252 0.000070 0.067500 6.060606e-03
-0.225425 0.084581 0.857468 -0.051759 -0.171192 -0.000015 0.067500 6.060606e-03
-0.101440 1.000268 -0.109367 -0.781576 -0.072506 -0.000150 0.067500 6.060606e-03
-0.630966 0.001091 -0.681022 0.015051 -0.494750 -0.000063 0.067500 6.060606e-03
-0.008106 -0.012385 0.064743 0.025665 0.001916 0.000037 0.067500 6.060606e-03
0.583661 0.657731 0.458565 -0.508606 0.473748 0.000021 0.067500 6.060606e-03
0.576073 0.339352 0.199107 -0.254760 0.467654 0.000073 0.067500 6.060606e-03
0.775248 0.103360 -0.588916 -0.066505 0.626300 0.000144 0.067500 6.060606e-03
0.682316 -0.304787 0.100885 0.258747 0.552330 0.000201 0.067500 6.060606e-03
0.198848 -0.547333 0.014178 0.452121 0.166884 0.000163 0.067500 6.060606e-03
0.268672 -0.505396 -0.261543 0.418735 0.222500 0.000168 0.067500 6.060606e-03
-0.435910 0.640681 0.189019 -0.494964 -0.339097 -0.000144 0.067500 6.060606e-03
-0.795035 0.055651 0.160499 -0.028576 -0.625399 -0.000103 0.067500 6.060606e-03
0.274490 -0.882726 0.224741 0.719461 0.227216 0.000232 0.067500 6.060606e-03
0.822082 0.313395 -0.306695 -0.233987 0.663684 0.000117 0.067500 6.060606e-03
0.491747 0.153029 -0.652906 -0.106089 0.400280 0.000091 0.067500 6.060606e-03
-0.399413 0.907243 0.374807 -0.707496 -0.309967 -0.000182 0.067500 6.060606e-03
0.657042 0.793222 0.051530 -0.616551 0.532179 0.000009 0.067500 6.060606e-03
-0.201261 0.634930 -0.689261 -0.490239 -0.152187 -0.000104 0.067500 6.060606e-03
-0.326486 -0.483237 -0.393057 0.401100 -0.251980 0.000066 0.067500 6.060606e-03
0.428382 0.881673 -0.249042 -0.687014 0.349843 -0.000044 0.067500 6.060606e-03
-0.308761 -0.457061 -0.690194 0.380282 -0.237897 0.000066 0.067500 6.060606e-03
0.270883 0.014284 0.059720 0.004402 0.224327 0.000078 0.067500 6.060606e-03
0.892884 0.298132 0.137446 -0.221891 0.720203 0.000132 0.067500 6.060606e-03
-0.104054 -0.085354 0.661911 0.083740 -0.074471 0.000033 0.067500 6.060606e-03
-0.404041 -0.397883 -0.118582 0.333014 -0.313758 0.000039 0.067500 6.060606e-03
-0.396106 0.769841 -0.524591 -0.597814 -0.307486 -0.000159 0.067500 6.060606e-03
0.455269 0.819067 0.252606 -0.637187 0.371360 -0.000027 0.067500 6.060606e-03
-0.168622 -0.945810 0.065418 0.769782 -0.126063 0.000171 0.067500 6.060606e-03
0.040757 -0.178949 0.366809 0.158398 0.040920 0.000073 0.067500 6.060606e-03
1.383550 -2.694470 -0.125697 0.513165 0.276777 -0.004099 0.035000 5.555556e-04
1.394019 -2.539282 -0.099631 0.483590 0.278193 -0.000640 0.035000 5.555556e-04
1.218662 -2.583827 -0.028733 0.498439 0.240412 0.012332 0.035000 5.555556e-04
1.409034 -2.514123 0.201861 0.502913 0.272876 -0.001165 0.035000 5.555556e-04
1.341885 -2.553058 0.043537 0.498015 0.263566 0.003202 0.035000 5.555556e-04
1.393133 -2.761672 0.047246 0.540914 0.273925 -0.006743 0.035000 5.555556e-04
1.319982 -2.636655 0.177949 0.525992 0.255354 0.002653 0.035000 5.555556e-04
1.564547 -2.529789 0.004834 0.490128 0.310114 -0.014202 0.035000 5.555556e-04
1.264817 -2.770744 -0.061832 0.533917 0.250753 0.003406 0.035000 5.555556e-04
1.306379 -2.433137 -0.031844 0.467413 0.258414 0.009411 0.035000 5.555556e-04
1.481871 -2.608852 -0.213979 0.488517 0.299311 -0.009689 0.035000 5.555556e-04
1.260383 -2.722407 0.070725 0.534801 0.246166 0.005104 0.035000 5.555556e-04
1.494947 -2.629056 0.131615 0.520682 0.292376 -0.011318 0.035000 5.555556e-04
1.545378 -2.724547 -0.125031 0.519359 0.309805 -0.018049 0.035000 5.555556e-04
1.287209 -2.461269 0.139603 0.487067 0.249727 0.010179 0.035000 5.555556e-04
1.453620 -2.419466 0.012962 0.468256 0.287239 -0.002147 0.035000 5.555556e-04
1.467919 -2.837970 -0.094829 0.544969 0.293145 -0.014919 0.035000 5.555556e-04
1.533839 -2.749689 0.045238 0.538306 0.302713 -0.017818 0.035000 5.555556e-04
