64000.001899
0.758249 -0.329235 0.487673 0.538988 0.223159 0.000441 0.067500 6.060606e-03
0.150415 0.467477 -0.857848 -0.085079 -0.255237 -0.000907 0.067500 6.060606e-03
1.251117 0.781927 -0.458135 -0.333912 0.611834 0.002201 0.067500 6.060606e-03
0.615222 0.822262 0.294824 -0.367732 0.110543 0.000490 0.067500 6.060606e-03
0.131201 0.884923 0.313998 -0.417153 -0.270815 -0.000801 0.067500 6.060606e-03
1.129959 0.919633 -0.196956 -0.443116 0.516278 0.001924 0.067500 6.060606e-03
0.026368 0.206134 0.500986 0.117145 -0.353481 -0.001343 0.067500 6.060606e-03
0.820679 0.091406 0.133924 0.208532 0.272479 0.000770 0.067500 6.060606e-03
0.302363 0.041603 0.818650 0.245915 -0.136149 -0.000657 0.067500 6.060606e-03
0.260495 0.154876 -0.511522 0.160274 -0.168637 -0.000727 0.067500 6.060606e-03
0.389285 0.343536 0.808372 0.008055 -0.067661 -0.000305 0.067500 6.060606e-03
1.454800 0.123512 -0.061004 0.183764 0.772163 0.002504 0.067500 6.060606e-03
0.481819 0.678109 -0.823808 -0.251124 0.005857 0.000073 0.067500 6.060606e-03
0.063213 0.046504 0.028058 0.244196 -0.324274 -0.001304 0.067500 6.060606e-03
0.916376 0.386552 -0.204261 -0.023092 0.348003 0.001143 0.067500 6.060606e-03
0.169711 1.180480 0.055875 -0.649317 -0.240377 -0.000584 0.067500 6.060606e-03
-0.440636 0.547918 -0.039118 -0.150676 -0.721222 -0.002481 0.067500 6.060606e-03
-0.499846 0.083718 -0.133673 0.215314 -0.767837 -0.002817 0.067500 6.060606e-03
0.370774 0.160988 -0.038135 0.154176 -0.081928 -0.000425 0.067500 6.060606e-03
-0.180302 0.386611 -0.067898 -0.023507 -0.516099 -0.001836 0.067500 6.060606e-03
0.696828 1.090919 0.572498 -0.580154 0.174735 0.000813 0.067500 6.060606e-03
0.428207 -0.351197 -0.460091 0.558860 -0.036520 -0.000463 0.067500 6.060606e-03
-0.128084 0.429263 0.567344 -0.058834 -0.475197 -0.001678 0.067500 6.060606e-03
1.315636 0.075401 0.431662 0.220335 0.662334 0.002108 0.067500 6.060606e-03
0.748727 0.173299 0.528824 0.142940 0.215641 0.000606 0.067500 6.060606e-03
0.694683 1.000053 0.083794 -0.507238 0.173228 0.000773 0.067500 6.060606e-03
0.070958 -0.046619 0.647854 0.315887 -0.318405 -0.001318 0.067500 6.060606e-03
0.220632 -0.170776 -0.612168 0.417122 -0.200007 -0.000959 0.067500 6.060606e-03
0.737432 0.860772 -0.207474 -0.396712 0.207018 0.000837 0.067500 6.060606e-03
1.195964 0.301426 -0.234831 0.044060 0.568297 0.001869 0.067500 6.060606e-03
-0.183876 0.550066 0.149298 -0.152880 -0.518996 -0.001784 0.067500 6.060606e-03
0.880906 1.048458 -0.480424 -0.543846 0.320160 0.001297 0.067500 6.060606e-03
0.140978 0.288148 -0.201470 0.054431 -0.262918 -0.001001 0.067500 6.060606e-03
0.332276 -0.234920 0.612917 0.464339 -0.112503 -0.000680 0.067500 6.060606e-03
1.277329 0.875109 0.345691 -0.409506 0.632185 0.002307 0.067500 6.060606e-03
0.619138 -0.097017 0.254838 0.356659 0.113644 0.000151 0.067500 6.060606e-03
1.405895 0.388504 0.107662 -0.025475 0.733569 0.002471 0.067500 6.060606e-03
1.206255 0.321521 0.632947 0.025877 0.576080 0.001905 0.067500 6.060606e-03
0.642758 -0.275511 -0.265775 0.498701 0.132448 0.000148 0.067500 6.060606e-03
0.055824 -0.498225 -0.379521 0.674482 -0.329944 -0.001531 0.067500 6.060606e-03
0.146439 0.766092 -0.172491 -0.322210 -0.258627 -0.000804 0.067500 6.060606e-03
0.689985 0.229092 -0.507464 0.101790 0.169748 0.000468 0.067500 6.060606e-03
0.213216 -0.306340 -0.088220 0.522510 -0.206046 -0.001030 0.067500 6.060606e-03
0.086252 0.574331 -0.376673 -0.170572 -0.305970 -0.001041 0.067500 6.060606e-03
0.479244 -0.010380 -0.783998 0.291215 0.003813 -0.000196 0.067500 6.060606e-03
0.092610 0.584943 0.398221 -0.181033 -0.301252 -0.001019 0.067500 6.060606e-03
0.388120 -0.059751 -0.349484 0.328935 -0.068145 -0.000462 0.067500 6.060606e-03
1.014577 -0.372096 0.039177 0.573973 0.425283 0.001121 0.067500 6.060606e-03
0.513240 0.738944 0.601674 -0.302919 0.030078 0.000182 0.067500 6.060606e-03
0.884907 0.493741 0.801439 -0.110269 0.322833 0.001098 0.067500 6.060606e-03
1.101351 0.692649 0.113593 -0.265120 0.493622 0.001761 0.067500 6.060606e-03
0.018332 -0.052230 -0.453917 0.323292 -0.359454 -0.001463 0.067500 6.060606e-03
0.831407 0.432493 -0.755756 -0.057792 0.281265 0.000929 0.067500 6.060606e-03
0.346850 0.710104 -0.495678 -0.277222 -0.100606 -0.000281 0.067500 6.060606e-03
0.092494 1.028608 -0.382524 -0.528472 -0.301050 -0.000851 0.067500 6.060606e-03
1.037434 0.163274 0.409458 0.151162 0.443152 0.001387 0.067500 6.060606e-03
-0.303525 0.964191 -0.115995 -0.478441 -0.613166 -0.001951 0.067500 6.060606e-03
1.006454 0.480079 -0.455578 -0.096099 0.419068 0.001423 0.067500 6.060606e-03
-0.073329 -0.226063 -0.011949 0.459055 -0.431838 -0.001778 0.067500 6.060606e-03
0.647191 0.897731 -0.509438 -0.425012 0.136032 0.000605 0.067500 6.060606e-03
0.675773 1.234393 0.301465 -0.692460 0.158248 0.000810 0.067500 6.060606e-03
0.665171 0.606460 0.105774 -0.197193 0.149968 0.000544 0.067500 6.060606e-03
0.504322 -0.480007 0.084849 0.658870 0.023245 -0.000305 0.067500 6.060606e-03
1.171758 -0.143564 0.292901 0.393229 0.549028 0.001635 0.067500 6.060606e-03
0.366073 0.333321 0.440759 0.017100 -0.085811 -0.000372 0.067500 6.060606e-03
0.866158 0.894053 0.415404 -0.424621 0.308206 0.001198 0.067500 6.060606e-03
1.037794 0.011218 -0.028830 0.272151 0.443601 0.001330 0.067500 6.060606e-03
0.915335 1.140351 -0.228416 -0.616929 0.347192 0.001425 0.067500 6.060606e-03
-0.059358 0.679632 -0.677539 -0.252721 -0.420580 -0.001396 0.067500 6.060606e-03
-0.229930 0.717491 0.374842 -0.285402 -0.555366 -0.001845 0.067500 6.060606e-03
0.922291 0.511231 0.297867 -0.122685 0.352475 0.001206 0.067500 6.060606e-03
-0.306738 0.627479 -0.341901 -0.212540 -0.615612 -0.002088 0.067500 6.060606e-03
1.026730 -0.330792 -0.262618 0.542248 0.434971 0.001170 0.067500 6.060606e-03
0.203018 -0.142303 0.302815 0.392209 -0.214228 -0.000996 0.067500 6.060606e-03
0.882124 -0.611568 0.062978 0.762583 0.320917 0.000671 0.067500 6.060606e-03
0.252897 0.835134 0.575772 -0.378635 -0.175031 -0.000489 0.067500 6.060606e-03
-0.033653 -0.525662 0.061879 0.694903 -0.400606 -0.001784 0.067500 6.060606e-03
-0.129682 0.337784 -0.395259 0.015849 -0.476093 -0.001717 0.067500 6.060606e-03
0.602986 0.314899 0.283185 0.032042 0.100907 0.000264 0.067500 6.060606e-03
-0.285339 0.167902 0.471082 0.147349 -0.599058 -0.002204 0.067500 6.060606e-03
0.401358 0.071155 0.542424 0.223381 -0.058049 -0.000376 0.067500 6.060606e-03
0.484154 0.306335 -0.241476 0.040211 0.007478 -0.000062 0.067500 6.060606e-03
0.394476 1.163716 -0.567765 -0.634418 -0.063055 0.000020 0.067500 6.060606e-03
0.881593 -0.236720 -0.600309 0.469046 0.320747 0.000811 0.067500 6.060606e-03
0.122441 0.011527 -0.807850 0.274019 -0.277297 -0.001157 0.067500 6.060606e-03
1.291736 -0.124427 0.032911 0.378856 0.643653 0.001968 0.067500 6.060606e-03
0.651638 0.634886 -0.620066 -0.217622 0.139577 0.000518 0.067500 6.060606e-03
0.612750 -0.193117 0.772601 0.430971 0.108416 0.000097 0.067500 6.060606e-03
0.601305 1.350046 -0.021781 -0.782704 0.099697 0.000651 0.067500 6.060606e-03
0.796198 0.699098 0.616975 -0.271566 0.253010 0.000935 0.067500 6.060606e-03
0.018689 -0.300246 0.476629 0.516178 -0.359522 -0.001556 0.067500 6.060606e-03
0.673453 1.230510 -0.462690 -0.687329 0.156706 0.000802 0.067500 6.060606e-03
-0.467832 0.035610 0.138223 0.252481 -0.742715 -0.002749 0.067500 6.060606e-03
0.477730 -0.091423 -0.089627 0.353185 0.002360 -0.000231 0.067500 6.060606e-03
0.440215 0.991712 0.432557 -0.501611 -0.027393 0.000079 0.067500 6.060606e-03
1.385137 0.605964 -0.172699 -0.196048 0.717320 0.002498 0.067500 6.060606e-03
0.798013 -0.589001 -0.272300 0.745712 0.254773 0.000451 0.067500 6.060606e-03
0.362814 0.570957 -0.141025 -0.168552 -0.088161 -0.000291 0.067500 6.060606e-03
0.598848 1.113597 -0.217132 -0.595881 0.097834 0.000556 0.067500 6.060606e-03
-0.284817 -0.121474 -0.368478 0.377617 -0.598332 -0.002312 0.067500 6.060606e-03
0.237544 1.143221 0.331225 -0.620708 -0.187036 -0.000414 0.067500 6.060606e-03
-0.371461 0.467093 0.362444 -0.088084 -0.666871 -0.002324 0.067500 6.060606e-03
1.141709 -0.034278 -0.598233 0.309540 0.525687 0.001595 0.067500 6.060606e-03
0.747331 0.100973 -0.167812 0.201811 0.214802 0.000575 0.067500 6.060606e-03
0.270863 0.884214 -0.694475 -0.413860 -0.160400 -0.000422 0.067500 6.060606e-03
0.348808 0.691720 0.135903 -0.264450 -0.099300 -0.000283 0.067500 6.060606e-03
0.075962 0.657142 0.764523 -0.238910 -0.314506 -0.001037 0.067500 6.060606e-03
1.348021 0.795320 0.050012 -0.345841 0.687992 0.002468 0.067500 6.060606e-03
1.216935 0.467126 0.359892 -0.088103 0.584596 0.001989 0.067500 6.060606e-03
1.009587 0.082840 0.738810 0.213642 0.421089 0.001281 0.067500 6.060606e-03
-0.071068 1.140145 -0.152360 -0.616973 -0.430004 -0.001253 0.067500 6.060606e-03
1.086150 -0.285792 0.507376 0.504706 0.481498 0.001348 0.067500 6.060606e-03
1.356581 0.429257 -0.423866 -0.056144 0.694914 0.002354 0.067500 6.060606e-03
0.952461 1.176700 0.297429 -0.646994 0.376247 0.001539 0.067500 6.060606e-03
-0.078318 0.987700 0.468765 -0.498549 -0.435949 -0.001330 0.067500 6.060606e-03
0.595619 0.360639 -0.876050 -0.000854 0.095537 0.000262 0.067500 6.060606e-03
1.113425 0.962881 0.066968 -0.477905 0.503153 0.001895 0.067500 6.060606e-03
0.401011 -0.325348 0.331340 0.536350 -0.058243 -0.000528 0.067500 6.060606e-03
-0.169873 0.889669 -0.436750 -0.418858 -0.507744 -0.001616 0.067500 6.060606e-03
0.524610 -0.591860 -0.306319 0.748057 0.039376 -0.000292 0.067500 6.060606e-03
0.337013 1.264331 -0.315407 -0.714375 -0.108424 -0.000098 0.067500 6.060606e-03
1.067989 0.813139 0.634001 -0.361462 0.467143 0.001716 0.067500 6.060606e-03
0.593943 0.644162 0.850717 -0.228917 0.093569 0.000365 0.067500 6.060606e-03
-0.148282 1.133722 0.111145 -0.612627 -0.490938 -0.001465 0.067500 6.060606e-03
0.449419 0.297546 -0.651494 0.048247 -0.019735 -0.000160 0.067500 6.060606e-03
1.127708 0.628146 -0.663764 -0.212193 0.514680 0.001808 0.067500 6.060606e-03
1.285612 -0.107644 -0.362240 0.366704 0.638976 0.001957 0.067500 6.060606e-03
0.658141 -0.050651 -0.417109 0.321949 0.144625 0.000275 0.067500 6.060606e-03
-0.083768 0.121555 -0.220195 0.185738 -0.439984 -0.001675 0.067500 6.060606e-03
1.067020 0.050467 -0.325355 0.242031 0.466738 0.001424 0.067500 6.060606e-03
0.162249 0.211745 0.240247 0.113431 -0.246325 -0.000972 0.067500 6.060606e-03
-0.289960 0.062325 -0.577247 0.233371 -0.602305 -0.002257 0.067500 6.060606e-03
0.111490 -0.560447 0.284626 0.721706 -0.286334 -0.001403 0.067500 6.060606e-03
0.599958 0.678144 -0.349201 -0.252438 0.098758 0.000394 0.067500 6.060606e-03
0.879021 0.034444 -0.688219 0.255639 0.318754 0.000907 0.067500 6.060606e-03
0.112108 0.347281 0.811392 0.005097 -0.286045 -0.001057 0.067500 6.060606e-03
0.669486 0.240999 0.839507 0.088758 0.153092 0.000417 0.067500 6.060606e-03
0.320452 -0.609309 -0.131898 0.761332 -0.121541 -0.000853 0.067500 6.060606e-03
1.078032 0.231933 -0.700655 0.100075 0.475555 0.001523 0.067500 6.060606e-03
0.480249 0.393672 0.048232 -0.029386 0.004293 -0.000039 0.067500 6.060606e-03
-0.257076 -0.112282 0.441167 0.368181 -0.576779 -0.002233 0.067500 6.060606e-03
-0.172052 0.196041 0.183380 0.125958 -0.509693 -0.001886 0.067500 6.060606e-03
-0.309444 0.478962 -0.602467 -0.094820 -0.617646 -0.002152 0.067500 6.060606e-03
-0.116513 0.846969 0.089189 -0.386640 -0.465900 -0.001488 0.067500 6.060606e-03
0.411464 0.963329 0.001528 -0.478081 -0.049884 -0.000010 0.067500 6.060606e-03
0.332549 0.941703 -0.274121 -0.460295 -0.111956 -0.000232 0.067500 6.060606e-03
0.734139 -0.345318 0.166925 0.552528 0.204283 0.000369 0.067500 6.060606e-03
1.226218 0.133155 0.139931 0.175622 0.591993 0.001887 0.067500 6.060606e-03
0.421552 1.305592 0.214290 -0.748320 -0.042016 0.000147 0.067500 6.060606e-03
-0.405700 0.285153 -0.321140 0.057115 -0.693591 -0.002486 0.067500 6.060606e-03
-0.047227 0.361339 -0.668092 -0.001970 -0.411026 -0.001485 0.067500 6.060606e-03
0.633693 -0.595825 0.351418 0.749398 0.125075 0.000002 0.067500 6.060606e-03
-0.362904 -0.222818 0.033704 0.456375 -0.660006 -0.002562 0.067500 6.060606e-03
0.505343 -0.276203 -0.710347 0.500452 0.024348 -0.000226 0.067500 6.060606e-03
0.903350 0.774410 -0.408566 -0.328124 0.337817 0.001254 0.067500 6.060606e-03
-0.164147 -0.362911 -0.268444 0.567569 -0.503296 -0.002076 0.067500 6.060606e-03
0.878783 0.755383 -0.705788 -0.312327 0.318573 0.001180 0.067500 6.060606e-03
0.203344 0.436649 0.044336 -0.063236 -0.213874 -0.000775 0.067500 6.060606e-03
-0.469069 0.314481 0.123430 0.032803 -0.743685 -0.002647 0.067500 6.060606e-03
0.593146 0.436842 0.645406 -0.065017 0.093019 0.000284 0.067500 6.060606e-03
0.958349 0.670764 -0.134903 -0.247205 0.381047 0.001365 0.067500 6.060606e-03
0.661405 -0.456001 -0.547289 0.641669 0.147245 0.000130 0.067500 6.060606e-03
-0.173095 -0.298910 0.233683 0.515784 -0.510533 -0.002076 0.067500 6.060606e-03
0.865934 1.258517 0.053232 -0.710793 0.308165 0.001335 0.067500 6.060606e-03
0.474961 0.565126 0.351463 -0.165292 0.000013 0.000011 0.067500 6.060606e-03
-47.756913 -35.578395 1.647291 -0.024854 -0.322554 -0.003186 0.035000 5.555556e-04
-47.615928 -35.630680 1.599811 0.056335 -0.056294 -0.055310 0.035000 5.555556e-04
-47.626578 -35.454223 1.515815 -0.253519 -0.023724 0.052335 0.035000 5.555556e-04
-47.414926 -35.448912 1.736202 -0.230114 0.200580 0.024473 0.035000 5.555556e-04
-47.547526 -35.497397 1.630094 -0.163950 0.040826 0.014782 0.035000 5.555556e-04
-47.708724 -35.441187 1.762686 -0.239256 -0.310698 0.072224 0.035000 5.555556e-04
-47.536861 -35.359021 1.709853 -0.385556 0.010843 0.096409 0.035000 5.555556e-04
-47.528529 -35.672189 1.773747 0.151873 -0.013531 -0.093085 0.035000 5.555556e-04
-47.793888 -35.429238 1.619131 -0.280491 -0.367968 0.091903 0.035000 5.555556e-04
-47.498023 -35.574860 1.515841 -0.050112 0.193001 -0.039051 0.035000 5.555556e-04
-47.729861 -35.735162 1.647649 0.239534 -0.277162 -0.101380 0.035000 5.555556e-04
-47.675780 -35.357719 1.653691 -0.396000 -0.189610 0.117572 0.035000 5.555556e-04
-47.541713 -35.503108 1.820730 -0.126326 -0.064018 0.010497 0.035000 5.555556e-04
-47.766631 -35.667250 1.786298 0.145378 -0.422525 -0.055169 0.035000 5.555556e-04
-47.420222 -35.436320 1.590597 -0.272727 0.279220 0.032824 0.035000 5.555556e-04
-47.445152 -35.642770 1.642928 0.083054 0.205720 -0.087631 0.035000 5.555556e-04
-47.848763 -35.551684 1.788835 -0.049118 -0.562530 0.026342 0.035000 5.555556e-04
-47.686293 -35.535270 1.864984 -0.065601 -0.334394 0.012372 0.035000 5.555556e-04
