1500.000000
0.708157 -0.189134 0.509420 0.134594 0.571018 0.000022 0.067500 6.060606e-03
-0.284053 -0.229889 -0.842557 0.167111 -0.220013 -0.000001 0.067500 6.060606e-03
0.088079 0.852156 -0.441144 -0.695492 0.076650 -0.000011 0.067500 6.060606e-03
-0.315417 0.355219 0.309345 -0.299363 -0.244999 -0.000012 0.067500 6.060606e-03
-0.644899 -0.005024 0.326538 -0.012183 -0.507659 -0.000013 0.067500 6.060606e-03
-0.096033 0.832249 -0.181206 -0.679630 -0.070123 -0.000016 0.067500 6.060606e-03
-0.150691 -0.480749 0.517147 0.367060 -0.113663 0.000009 0.067500 6.060606e-03
0.402106 0.103430 0.153472 -0.098625 0.327025 0.000010 0.067500 6.060606e-03
0.140408 -0.349097 0.836634 0.262104 0.118410 0.000013 0.067500 6.060606e-03
0.032719 -0.319145 -0.494095 0.238259 0.032529 0.000010 0.067500 6.060606e-03
-0.056752 -0.104474 0.824862 0.067091 -0.038772 0.000004 0.067500 6.060606e-03
0.741477 0.640985 -0.039500 -0.527143 0.597570 0.000006 0.067500 6.060606e-03
-0.266341 0.162437 -0.808665 -0.145647 -0.205896 -0.000009 0.067500 6.060606e-03
0.004378 -0.542628 0.045357 0.416401 0.009950 0.000014 0.067500 6.060606e-03
0.217774 0.351172 -0.186038 -0.296112 0.180056 0.000001 0.067500 6.060606e-03
-0.862999 0.196151 0.066838 -0.172552 -0.681535 -0.000023 0.067500 6.060606e-03
-0.695115 -0.667080 -0.026465 0.515611 -0.547692 -0.000001 0.067500 6.060606e-03
-0.348447 -0.982290 -0.118459 0.766902 -0.271327 0.000014 0.067500 6.060606e-03
0.087812 -0.225066 -0.020468 0.163248 0.076460 0.000008 0.067500 6.060606e-03
-0.413293 -0.546633 -0.053402 0.419594 -0.323023 0.000004 0.067500 6.060606e-03
-0.490350 0.576542 0.585708 -0.475807 -0.384452 -0.000020 0.067500 6.060606e-03
0.543032 -0.472555 -0.439134 0.360557 0.439359 0.000026 0.067500 6.060606e-03
-0.422532 -0.478939 0.581678 0.365616 -0.330375 0.000003 0.067500 6.060606e-03
0.697521 0.499673 0.452919 -0.414508 0.562537 0.000008 0.067500 6.060606e-03
0.291026 0.091818 0.547545 -0.089379 0.238478 0.000007 0.067500 6.060606e-03
-0.413870 0.522285 0.097588 -0.432540 -0.323493 -0.000019 0.067500 6.060606e-03
0.080849 -0.589363 0.665641 0.453646 0.070927 0.000016 0.067500 6.060606e-03
0.277096 -0.538940 -0.592929 0.413480 0.227349 0.000022 0.067500 6.060606e-03
-0.273287 0.477082 -0.192678 -0.396495 -0.211425 -0.000015 0.067500 6.060606e-03
0.448281 0.531165 -0.215199 -0.439597 0.363821 0.000002 0.067500 6.060606e-03
-0.550651 -0.455509 0.162783 0.346944 -0.432522 -0.000002 0.067500 6.060606e-03
-0.342628 0.702162 -0.466242 -0.575921 -0.266711 -0.000020 0.067500 6.060606e-03
-0.147175 -0.340245 -0.185295 0.255069 -0.110876 0.000005 0.067500 6.060606e-03
0.385347 -0.483617 0.632643 0.369348 0.313673 0.000019 0.067500 6.060606e-03
0.021383 0.927716 0.362151 -0.755747 0.023490 -0.000017 0.067500 6.060606e-03
0.439753 -0.169782 0.274781 0.119170 0.357041 0.000016 0.067500 6.060606e-03
0.495244 0.753254 0.127428 -0.616654 0.401269 -0.000002 0.067500 6.060606e-03
0.431789 0.551602 0.652333 -0.455915 0.350691 0.000002 0.067500 6.060606e-03
0.603013 -0.253317 -0.244572 0.185777 0.487181 0.000023 0.067500 6.060606e-03
0.448932 -0.861856 -0.358991 0.670900 0.364347 0.000033 0.067500 6.060606e-03
-0.535553 -0.061143 -0.159119 0.032567 -0.420497 -0.000009 0.067500 6.060606e-03
0.218692 0.075125 -0.489018 -0.076047 0.180787 0.000006 0.067500 6.060606e-03
0.380239 -0.622620 -0.068313 0.480175 0.309589 0.000025 0.067500 6.060606e-03
-0.411740 -0.220739 -0.362326 0.159802 -0.321795 -0.000004 0.067500 6.060606e-03
0.295553 -0.235166 -0.764818 0.171320 0.242056 0.000015 0.067500 6.060606e-03
-0.422050 -0.208922 0.412379 0.150364 -0.329998 -0.000002 0.067500 6.060606e-03
0.280681 -0.337901 -0.330369 0.253206 0.230213 0.000016 0.067500 6.060606e-03
0.893595 -0.004209 0.062116 -0.012813 0.718841 0.000024 0.067500 6.060606e-03
-0.307839 0.224055 0.616304 -0.194805 -0.238949 -0.000009 0.067500 6.060606e-03
0.105065 0.387575 0.818703 -0.325161 0.090225 -0.000004 0.067500 6.060606e-03
0.071229 0.678677 0.130569 -0.557208 0.063227 -0.000011 0.067500 6.060606e-03
0.062730 -0.636343 -0.436098 0.491123 0.056459 0.000017 0.067500 6.060606e-03
0.135102 0.307597 -0.737992 -0.261367 0.114139 -0.000001 0.067500 6.060606e-03
-0.372331 0.070572 -0.481254 -0.072423 -0.290384 -0.000011 0.067500 6.060606e-03
-0.779984 0.045396 -0.370865 -0.052360 -0.615363 -0.000019 0.067500 6.060606e-03
0.465907 0.322354 0.429220 -0.273153 0.377891 0.000008 0.067500 6.060606e-03
-0.956623 -0.315687 -0.105326 0.235483 -0.756170 -0.000015 0.067500 6.060606e-03
0.194646 0.478444 -0.437567 -0.397571 0.161613 -0.000004 0.067500 6.060606e-03
0.149366 -0.811014 0.006503 0.630359 0.125536 0.000023 0.067500 6.060606e-03
-0.353294 0.424233 -0.495124 -0.354358 -0.275211 -0.000016 0.067500 6.060606e-03
-0.618073 0.641564 0.313793 -0.527636 -0.486279 -0.000026 0.067500 6.060606e-03
-0.108750 0.272007 0.121762 -0.233020 -0.080247 -0.000005 0.067500 6.060606e-03
0.688529 -0.483991 0.106734 0.369657 0.555365 0.000029 0.067500 6.060606e-03
0.795067 0.255982 0.314974 -0.220236 0.640299 0.000016 0.067500 6.060606e-03
-0.059245 -0.129585 0.457295 0.087119 -0.040767 0.000004 0.067500 6.060606e-03
-0.230843 0.601983 0.430341 -0.496081 -0.177577 -0.000016 0.067500 6.060606e-03
0.593631 0.235017 -0.008046 -0.203517 0.479706 0.000011 0.067500 6.060606e-03
-0.399812 0.783323 -0.214687 -0.640627 -0.312296 -0.000022 0.067500 6.060606e-03
-0.579491 -0.279633 -0.664253 0.206759 -0.455532 -0.000009 0.067500 6.060606e-03
-0.715695 -0.396859 0.387152 0.300182 -0.564092 -0.000006 0.067500 6.060606e-03
0.115636 0.427937 0.315238 -0.357323 0.098638 -0.000004 0.067500 6.060606e-03
-0.681243 -0.511918 -0.329210 0.391925 -0.536641 -0.000005 0.067500 6.060606e-03
0.868841 0.029259 -0.239811 -0.039487 0.699100 0.000022 0.067500 6.060606e-03
0.237416 -0.536469 0.321631 0.411488 0.195736 0.000019 0.067500 6.060606e-03
1.013393 -0.250195 0.086922 0.183282 0.814344 0.000032 0.067500 6.060606e-03
-0.535982 0.066168 0.588981 -0.068940 -0.420825 -0.000011 0.067500 6.060606e-03
0.416913 -0.950666 0.082243 0.741688 0.338831 0.000032 0.067500 6.060606e-03
-0.341997 -0.533424 -0.380254 0.409073 -0.266193 0.000005 0.067500 6.060606e-03
0.093018 0.053697 0.300641 -0.058986 0.080614 0.000003 0.067500 6.060606e-03
-0.298262 -0.757927 0.486449 0.588026 -0.231307 0.000011 0.067500 6.060606e-03
0.174964 -0.251272 0.560604 0.184125 0.145952 0.000012 0.067500 6.060606e-03
0.035366 -0.048856 -0.224245 0.022780 0.034643 0.000004 0.067500 6.060606e-03
-0.715814 0.370110 -0.555884 -0.311212 -0.564213 -0.000025 0.067500 6.060606e-03
0.710754 -0.035699 -0.578465 0.012304 0.573064 0.000021 0.067500 6.060606e-03
0.072788 -0.514708 -0.789995 0.394167 0.064467 0.000016 0.067500 6.060606e-03
0.850140 0.365024 0.055316 -0.307155 0.684200 0.000014 0.067500 6.060606e-03
-0.134795 0.276791 -0.604131 -0.236813 -0.101023 -0.000008 0.067500 6.060606e-03
0.511169 -0.229866 0.793010 0.167057 0.413982 0.000018 0.067500 6.060606e-03
-0.753304 0.646870 -0.010362 -0.531858 -0.594093 -0.000030 0.067500 6.060606e-03
-0.112763 0.432815 0.632763 -0.361225 -0.083434 -0.000009 0.067500 6.060606e-03
0.259586 -0.778009 0.495786 0.604036 0.213414 0.000024 0.067500 6.060606e-03
-0.610949 0.636930 -0.450297 -0.523921 -0.480614 -0.000027 0.067500 6.060606e-03
-0.292548 -0.983566 0.153790 0.767912 -0.226758 0.000016 0.067500 6.060606e-03
0.356291 -0.282563 -0.070087 0.209086 0.290496 0.000017 0.067500 6.060606e-03
-0.555601 0.309389 0.445496 -0.262832 -0.436472 -0.000016 0.067500 6.060606e-03
0.307191 0.861050 -0.154241 -0.702583 0.251334 -0.000009 0.067500 6.060606e-03
0.948926 -0.306386 -0.248745 0.228083 0.762947 0.000033 0.067500 6.060606e-03
-0.251690 0.003901 -0.125797 -0.019282 -0.194200 -0.000004 0.067500 6.060606e-03
-0.559791 0.508863 -0.204302 -0.421833 -0.439826 -0.000023 0.067500 6.060606e-03
-0.055323 -0.924263 -0.351313 0.720649 -0.037652 0.000021 0.067500 6.060606e-03
-0.795370 0.230421 0.342608 -0.199878 -0.627615 -0.000020 0.067500 6.060606e-03
-0.591940 -0.656616 0.375784 0.507261 -0.465431 0.000002 0.067500 6.060606e-03
0.694415 0.293569 -0.576732 -0.250182 0.560038 0.000013 0.067500 6.060606e-03
0.354192 0.048704 -0.148497 -0.054991 0.288819 0.000010 0.067500 6.060606e-03
-0.557140 0.108246 -0.681322 -0.102452 -0.437718 -0.000016 0.067500 6.060606e-03
-0.360522 0.061987 0.150344 -0.065597 -0.280957 -0.000007 0.067500 6.060606e-03
-0.493196 -0.180828 0.778140 0.127959 -0.386708 -0.000004 0.067500 6.060606e-03
0.129313 0.939570 0.067200 -0.765187 0.109527 -0.000012 0.067500 6.060606e-03
0.320593 0.643833 0.378505 -0.529434 0.262037 -0.000003 0.067500 6.060606e-03
0.513500 0.253531 0.758925 -0.218297 0.415838 0.000009 0.067500 6.060606e-03
-0.966874 -0.024288 -0.141971 0.003183 -0.764344 -0.000022 0.067500 6.060606e-03
0.860847 0.104300 0.529985 -0.099324 0.692743 0.000020 0.067500 6.060606e-03
0.437165 0.735946 -0.404435 -0.602847 0.354952 -0.000004 0.067500 6.060606e-03
-0.411844 0.834964 0.311023 -0.681808 -0.321880 -0.000025 0.067500 6.060606e-03
-0.850450 -0.117439 0.479984 0.077427 -0.671519 -0.000015 0.067500 6.060606e-03
0.059287 0.073204 -0.858624 -0.074509 0.053698 0.000001 0.067500 6.060606e-03
-0.142756 0.843754 0.082391 -0.688807 -0.107369 -0.000019 0.067500 6.060606e-03
0.500819 -0.479521 0.351898 0.366089 0.405725 0.000023 0.067500 6.060606e-03
-0.816583 -0.249262 -0.425144 0.182538 -0.644538 -0.000015 0.067500 6.060606e-03
0.794404 -0.531824 -0.283663 0.407801 0.639759 0.000035 0.067500 6.060606e-03
-0.832927 0.381048 -0.304352 -0.319939 -0.657569 -0.000028 0.067500 6.060606e-03
-0.050132 0.720853 0.650071 -0.590845 -0.033510 -0.000014 0.067500 6.060606e-03
-0.185565 0.235814 0.866131 -0.204184 -0.141465 -0.000005 0.067500 6.060606e-03
-1.007775 -0.091017 0.121313 0.056372 -0.796945 -0.000022 0.067500 6.060606e-03
0.025408 -0.082592 -0.634246 0.049684 0.026695 0.000004 0.067500 6.060606e-03
0.144494 0.662621 -0.646226 -0.544392 0.121626 -0.000007 0.067500 6.060606e-03
0.835550 0.369421 -0.339888 -0.310654 0.672557 0.000013 0.067500 6.060606e-03
0.428825 -0.111617 -0.397147 0.072820 0.348312 0.000016 0.067500 6.060606e-03
-0.139799 -0.619967 -0.203771 0.478061 -0.104994 0.000011 0.067500 6.060606e-03
0.580297 0.281316 -0.304650 -0.240421 0.469067 0.000010 0.067500 6.060606e-03
-0.075437 -0.366474 0.256857 0.275967 -0.053676 0.000008 0.067500 6.060606e-03
-0.207316 -0.823014 -0.561130 0.639938 -0.158825 0.000014 0.067500 6.060606e-03
0.527248 -0.851690 0.305662 0.662779 0.426795 0.000031 0.067500 6.060606e-03
-0.201777 0.259512 -0.333743 -0.223048 -0.154417 -0.000010 0.067500 6.060606e-03
0.487856 0.117933 -0.667966 -0.110167 0.395364 0.000010 0.067500 6.060606e-03
-0.219086 -0.329212 0.826951 0.246251 -0.168184 0.000006 0.067500 6.060606e-03
0.187953 0.066030 0.857519 -0.068829 0.156310 0.000004 0.067500 6.060606e-03
0.690196 -0.708909 -0.109847 0.548966 0.556688 0.000035 0.067500 6.060606e-03
0.440574 0.394326 -0.680915 -0.330505 0.357666 0.000003 0.067500 6.060606e-03
-0.040383 -0.001674 0.064852 -0.014841 -0.025741 0.000001 0.067500 6.060606e-03
-0.052460 -0.895788 0.458279 0.697930 -0.035351 0.000020 0.067500 6.060606e-03
-0.254263 -0.649223 0.199004 0.501373 -0.196237 0.000009 0.067500 6.060606e-03
-0.559423 -0.599649 -0.588885 0.461871 -0.439529 0.000001 0.067500 6.060606e-03
-0.754608 -0.229804 0.101157 0.167014 -0.595120 -0.000012 0.067500 6.060606e-03
-0.545957 0.269267 0.014596 -0.230836 -0.428792 -0.000017 0.067500 6.060606e-03
-0.571699 0.192079 -0.261151 -0.169296 -0.449318 -0.000017 0.067500 6.060606e-03
0.709703 -0.218325 0.188749 0.157873 0.572245 0.000024 0.067500 6.060606e-03
0.600898 0.459487 0.160572 -0.382463 0.485502 0.000008 0.067500 6.060606e-03
-0.821796 0.474284 0.225355 -0.394281 -0.648686 -0.000027 0.067500 6.060606e-03
-0.457979 -0.789613 -0.306786 0.613303 -0.358651 0.000008 0.067500 6.060606e-03
-0.312036 -0.452554 -0.652902 0.344611 -0.242316 0.000003 0.067500 6.060606e-03
0.855789 -0.444392 0.374378 0.338084 0.688710 0.000030 0.067500 6.060606e-03
-0.019988 -1.046197 0.051161 0.817845 -0.009472 0.000024 0.067500 6.060606e-03
0.527634 -0.366479 -0.689527 0.276000 0.427077 0.000024 0.067500 6.060606e-03
-0.105867 0.563167 -0.392670 -0.465114 -0.077962 -0.000011 0.067500 6.060606e-03
0.210979 -0.964147 -0.249460 0.752442 0.174651 0.000028 0.067500 6.060606e-03
-0.102370 0.531893 -0.689824 -0.440177 -0.075177 -0.000011 0.067500 6.060606e-03
-0.234632 -0.203704 0.059810 0.146213 -0.180596 0.000001 0.067500 6.060606e-03
-0.521462 -0.824375 0.137365 0.641005 -0.409250 0.000007 0.067500 6.060606e-03
-0.014919 0.115929 0.662061 -0.108605 -0.005428 -0.000001 0.067500 6.060606e-03
0.008688 0.548840 -0.118246 -0.453698 0.013368 -0.000009 0.067500 6.060606e-03
0.763401 -0.341919 -0.524932 0.256416 0.615037 0.000030 0.067500 6.060606e-03
0.149980 -0.934408 0.252225 0.728723 0.126032 0.000025 0.067500 6.060606e-03
-0.526853 0.810964 0.066074 -0.662671 -0.413569 -0.000027 0.067500 6.060606e-03
-0.185863 0.092693 0.367015 -0.090078 -0.141712 -0.000003 0.067500 6.060606e-03
1.043499 2.591349 -0.087328 -0.522496 0.210791 -0.000228 0.035000 5.555556e-04
1.176683 2.675790 -0.090238 -0.537202 0.233988 -0.000069 0.035000 5.555556e-04
1.044358 2.800377 -0.158955 -0.558792 0.210892 -0.000380 0.035000 5.555556e-04
1.135384 2.889690 0.120353 -0.574814 0.226951 -0.000293 0.035000 5.555556e-04
1.108640 2.797783 -0.027786 -0.558557 0.222182 -0.000270 0.035000 5.555556e-04
0.949470 2.675629 0.048936 -0.537403 0.194514 -0.000446 0.035000 5.555556e-04
0.995401 2.864806 0.062862 -0.570383 0.202525 -0.000507 0.035000 5.555556e-04
1.235893 2.659936 0.100309 -0.534758 0.244441 0.000043 0.035000 5.555556e-04
0.910251 2.665392 -0.114767 -0.535346 0.187564 -0.000503 0.035000 5.555556e-04
1.214423 2.820161 -0.125861 -0.562295 0.240535 -0.000111 0.035000 5.555556e-04
1.181487 2.515720 -0.092686 -0.509313 0.234820 0.000057 0.035000 5.555556e-04
0.919571 2.782744 -0.036762 -0.555922 0.189244 -0.000573 0.035000 5.555556e-04
1.089796 2.740396 0.154671 -0.548864 0.219035 -0.000258 0.035000 5.555556e-04
1.088568 2.489439 0.033764 -0.504941 0.218730 -0.000077 0.035000 5.555556e-04
1.141935 2.937275 -0.018151 -0.582874 0.227989 -0.000317 0.035000 5.555556e-04
1.280791 2.777345 0.006929 -0.555058 0.252191 0.000032 0.035000 5.555556e-04
0.949097 2.500213 0.019581 -0.506792 0.194427 -0.000316 0.035000 5.555556e-04
1.022349 2.602929 0.145577 -0.524898 0.207279 -0.000270 0.035000 5.555556e-04
