200.000000
-0.012107 -0.873469 0.281406 0.678822 -0.011746 0.000055 0.067500 5.882353e-03
0.350032 -0.102576 -0.105239 0.064166 0.276978 -0.000001 0.067500 5.882353e-03
0.599824 0.004801 -0.046216 -0.021449 0.476154 -0.000014 0.067500 5.882353e-03
-0.619370 0.288697 -0.476673 -0.247805 -0.495990 -0.000005 0.067500 5.882353e-03
0.982845 -0.217117 -0.159097 0.155486 0.781537 -0.000008 0.067500 5.882353e-03
-0.020341 0.375943 -0.280060 -0.317364 -0.018345 -0.000024 0.067500 5.882353e-03
-0.790541 -0.090246 0.061751 0.054342 -0.632436 0.000024 0.067500 5.882353e-03
0.521451 -0.515897 0.129603 0.393717 0.413672 0.000020 0.067500 5.882353e-03
0.351798 0.685029 -0.161541 -0.563805 0.278390 -0.000054 0.067500 5.882353e-03
0.096493 0.816794 -0.377335 -0.668869 0.074809 -0.000057 0.067500 5.882353e-03
0.479228 0.241632 -0.715485 -0.210291 0.379953 -0.000027 0.067500 5.882353e-03
-0.532811 0.109836 0.040874 -0.105183 -0.426943 0.000006 0.067500 5.882353e-03
0.063998 -0.166177 -0.255754 0.114874 0.048903 0.000010 0.067500 5.882353e-03
-0.365265 0.393527 -0.076868 -0.331378 -0.293358 -0.000017 0.067500 5.882353e-03
0.659165 -0.140655 0.452848 0.094537 0.523500 -0.000008 0.067500 5.882353e-03
-0.112474 0.597208 0.046585 -0.493773 -0.091784 -0.000035 0.067500 5.882353e-03
0.164390 -0.343211 -0.766276 0.256014 0.128913 0.000017 0.067500 5.882353e-03
-0.079036 -0.733671 -0.096908 0.567350 -0.065135 0.000048 0.067500 5.882353e-03
-0.662566 -0.261965 0.275394 0.191260 -0.530381 0.000033 0.067500 5.882353e-03
-0.842483 -0.467823 -0.322485 0.355379 -0.673874 0.000048 0.067500 5.882353e-03
0.033557 0.112571 0.343418 -0.107359 0.024672 -0.000007 0.067500 5.882353e-03
-0.335164 0.722089 0.311738 -0.593337 -0.269329 -0.000039 0.067500 5.882353e-03
0.246740 -0.556076 0.265465 0.425756 0.194645 0.000029 0.067500 5.882353e-03
0.018731 0.685649 0.439639 -0.564282 0.012861 -0.000045 0.067500 5.882353e-03
-0.536264 -0.538411 0.164447 0.411673 -0.429682 0.000048 0.067500 5.882353e-03
-0.179258 0.491563 -0.692006 -0.409562 -0.145084 -0.000029 0.067500 5.882353e-03
0.623983 -0.598260 0.548738 0.459396 0.495451 0.000022 0.067500 5.882353e-03
-0.916352 0.300522 -0.116785 -0.257224 -0.732764 0.000003 0.067500 5.882353e-03
0.650369 0.633422 0.002345 -0.522657 0.516462 -0.000058 0.067500 5.882353e-03
0.082233 0.148614 0.642092 -0.136092 0.063503 -0.000010 0.067500 5.882353e-03
-0.500699 -0.705954 -0.465328 0.545241 -0.401366 0.000056 0.067500 5.882353e-03
0.662627 0.248896 0.425243 -0.216058 0.526262 -0.000032 0.067500 5.882353e-03
-0.045291 -1.034149 -0.138994 0.806927 -0.038232 0.000066 0.067500 5.882353e-03
-0.146234 -0.519019 0.093103 0.396208 -0.118703 0.000037 0.067500 5.882353e-03
0.102146 0.171106 -0.560598 -0.154053 0.079299 -0.000014 0.067500 5.882353e-03
-0.084665 -0.846637 -0.359832 0.657413 -0.069640 0.000056 0.067500 5.882353e-03
-0.227805 0.562270 -0.367971 -0.465929 -0.183771 -0.000032 0.067500 5.882353e-03
0.556354 -0.820345 -0.311443 0.636450 0.441470 0.000039 0.067500 5.882353e-03
0.406805 0.466919 0.556054 -0.389886 0.322296 -0.000040 0.067500 5.882353e-03
-0.678726 0.668535 -0.248075 -0.550649 -0.543308 -0.000026 0.067500 5.882353e-03
0.141132 0.072459 0.061137 -0.075385 0.110427 -0.000007 0.067500 5.882353e-03
0.294153 0.300177 -0.141153 -0.256954 0.232425 -0.000026 0.067500 5.882353e-03
0.531390 0.731496 0.326208 -0.600842 0.421619 -0.000060 0.067500 5.882353e-03
-0.614712 -0.167611 -0.546033 0.116013 -0.492278 0.000023 0.067500 5.882353e-03
0.392997 0.639799 -0.424698 -0.527750 0.311219 -0.000052 0.067500 5.882353e-03
0.229073 -0.630377 0.523141 0.485006 0.180573 0.000035 0.067500 5.882353e-03
-0.123629 0.158268 -0.789893 -0.143822 -0.100735 -0.000008 0.067500 5.882353e-03
-0.589218 -0.217220 0.622984 0.155594 -0.471873 0.000030 0.067500 5.882353e-03
-0.402877 0.093850 -0.477574 -0.092451 -0.323372 0.000002 0.067500 5.882353e-03
0.727877 0.254388 0.031049 -0.220446 0.578261 -0.000033 0.067500 5.882353e-03
-0.267786 -0.120452 -0.056105 0.078424 -0.215630 0.000014 0.067500 5.882353e-03
-0.193163 -0.373556 -0.607349 0.280212 -0.156165 0.000027 0.067500 5.882353e-03
-0.342589 0.392589 0.680664 -0.330613 -0.275223 -0.000015 0.067500 5.882353e-03
0.511817 -0.250645 0.684553 0.182243 0.406027 0.000002 0.067500 5.882353e-03
0.028830 -0.294098 0.207047 0.216878 0.020891 0.000018 0.067500 5.882353e-03
0.284139 -0.826536 -0.113706 0.641392 0.224436 0.000045 0.067500 5.882353e-03
0.367337 -0.018351 0.710484 -0.002967 0.290831 -0.000007 0.067500 5.882353e-03
0.041829 -0.021574 0.878833 -0.000392 0.031302 0.000003 0.067500 5.882353e-03
-0.740101 -0.740340 -0.047808 0.572668 -0.592222 0.000065 0.067500 5.882353e-03
-0.906213 0.021506 -0.317227 -0.034767 -0.724689 0.000017 0.067500 5.882353e-03
0.187816 -0.367102 -0.446067 0.275068 0.147613 0.000019 0.067500 5.882353e-03
-0.227123 0.908922 -0.042681 -0.742311 -0.183208 -0.000054 0.067500 5.882353e-03
-0.294433 0.095927 0.811132 -0.094078 -0.236818 0.000003 0.067500 5.882353e-03
0.276635 0.911268 0.125860 -0.744179 0.218484 -0.000067 0.067500 5.882353e-03
0.917752 0.309990 0.253081 -0.264774 0.729668 -0.000042 0.067500 5.882353e-03
0.334763 -0.120926 0.181152 0.078803 0.264823 -0.000000 0.067500 5.882353e-03
-0.819419 0.475689 0.308096 -0.396877 -0.655449 -0.000011 0.067500 5.882353e-03
-0.393722 -0.746942 0.445158 0.577945 -0.316012 0.000058 0.067500 5.882353e-03
-0.534813 0.474737 0.455111 -0.396115 -0.428510 -0.000018 0.067500 5.882353e-03
0.409944 0.154697 0.494115 -0.140947 0.324791 -0.000019 0.067500 5.882353e-03
0.631599 0.350586 -0.466088 -0.297159 0.501461 -0.000037 0.067500 5.882353e-03
0.162019 -0.819674 -0.551399 0.635910 0.127037 0.000048 0.067500 5.882353e-03
-0.157461 -0.687116 0.682625 0.530252 -0.127615 0.000048 0.067500 5.882353e-03
-0.324330 -0.059101 -0.767753 0.029492 -0.260760 0.000009 0.067500 5.882353e-03
0.512690 -0.905460 0.171248 0.704324 0.406688 0.000046 0.067500 5.882353e-03
-0.793563 0.146412 0.445222 -0.134338 -0.634821 0.000011 0.067500 5.882353e-03
0.547491 -0.514027 -0.478903 0.392213 0.434393 0.000020 0.067500 5.882353e-03
-0.158991 0.153391 -0.005084 -0.139914 -0.128880 -0.000005 0.067500 5.882353e-03
0.159893 0.366358 0.468662 -0.309706 0.125414 -0.000026 0.067500 5.882353e-03
-0.202520 -0.318325 0.616777 0.236205 -0.163545 0.000027 0.067500 5.882353e-03
0.647335 0.481396 0.265254 -0.401435 0.514061 -0.000047 0.067500 5.882353e-03
0.818201 -0.566115 -0.255472 0.433745 0.650255 0.000018 0.067500 5.882353e-03
0.307669 0.460677 0.210027 -0.384917 0.243227 -0.000037 0.067500 5.882353e-03
0.153060 -0.282076 0.775473 0.207307 0.119984 0.000015 0.067500 5.882353e-03
-0.149127 -0.655485 -0.634620 0.504997 -0.121056 0.000044 0.067500 5.882353e-03
0.249195 -0.282946 0.420117 0.207988 0.196614 0.000012 0.067500 5.882353e-03
-0.313440 0.039019 0.226826 -0.048716 -0.252014 0.000006 0.067500 5.882353e-03
-0.242792 0.631321 0.594151 -0.520959 -0.195656 -0.000034 0.067500 5.882353e-03
0.845824 -0.398654 0.296577 0.300239 0.672316 0.000004 0.067500 5.882353e-03
0.291889 0.449188 -0.697434 -0.375778 0.230582 -0.000037 0.067500 5.882353e-03
0.656648 0.582576 -0.308415 -0.482123 0.521447 -0.000054 0.067500 5.882353e-03
0.769603 0.061316 -0.569728 -0.066522 0.611486 -0.000020 0.067500 5.882353e-03
-0.572830 0.572340 0.049537 -0.473944 -0.458851 -0.000023 0.067500 5.882353e-03
0.621408 -0.379801 -0.237299 0.285196 0.493347 0.000010 0.067500 5.882353e-03
0.384211 -0.572597 -0.149056 0.438919 0.304226 0.000026 0.067500 5.882353e-03
-0.396582 -0.853032 0.082934 0.662522 -0.318315 0.000064 0.067500 5.882353e-03
-0.178852 0.214132 0.515623 -0.188331 -0.144680 -0.000009 0.067500 5.882353e-03
0.355496 -0.061765 -0.607384 0.031615 0.281302 -0.000004 0.067500 5.882353e-03
-0.369440 -0.313640 0.211693 0.232461 -0.296666 0.000030 0.067500 5.882353e-03
-0.557674 0.272920 0.276358 -0.235207 -0.446749 -0.000003 0.067500 5.882353e-03
-0.512896 0.130362 0.623834 -0.121538 -0.411019 0.000006 0.067500 5.882353e-03
0.079821 0.941562 -0.058253 -0.768337 0.061539 -0.000065 0.067500 5.882353e-03
-0.639842 -0.749606 0.302061 0.580064 -0.512259 0.000065 0.067500 5.882353e-03
0.877401 0.028823 0.299955 -0.040595 0.697497 -0.000023 0.067500 5.882353e-03
-0.511946 -0.480001 -0.645736 0.365083 -0.410345 0.000041 0.067500 5.882353e-03
-0.471200 -0.656579 -0.179317 0.505881 -0.377828 0.000053 0.067500 5.882353e-03
-0.023917 0.405810 0.804201 -0.341154 -0.021122 -0.000024 0.067500 5.882353e-03
-0.181386 -0.457178 -0.208526 0.346895 -0.146750 0.000034 0.067500 5.882353e-03
0.221840 -0.998340 0.130740 0.778381 0.174780 0.000059 0.067500 5.882353e-03
0.811034 -0.648016 0.156799 0.499055 0.644568 0.000022 0.067500 5.882353e-03
0.554437 -0.112112 -0.332612 0.071762 0.439943 -0.000006 0.067500 5.882353e-03
-0.909279 -0.276691 -0.142667 0.202991 -0.727121 0.000037 0.067500 5.882353e-03
-0.186405 0.303677 0.257577 -0.259731 -0.150722 -0.000014 0.067500 5.882353e-03
-0.695731 -0.555347 0.493364 0.425184 -0.556808 0.000054 0.067500 5.882353e-03
0.919856 0.158065 -0.303388 -0.143657 0.731307 -0.000031 0.067500 5.882353e-03
-0.306330 -0.964963 -0.225186 0.751761 -0.246374 0.000068 0.067500 5.882353e-03
0.186226 -0.391644 -0.036734 0.294646 0.146373 0.000021 0.067500 5.882353e-03
0.336045 0.260053 0.797588 -0.224943 0.265888 -0.000023 0.067500 5.882353e-03
-0.868342 0.249365 0.157682 -0.216429 -0.694465 0.000005 0.067500 5.882353e-03
-0.649851 -0.454807 -0.109422 0.345006 -0.520268 0.000044 0.067500 5.882353e-03
-0.157773 -0.045269 -0.383162 0.018473 -0.127934 0.000005 0.067500 5.882353e-03
-0.224209 -0.507950 0.392957 0.387391 -0.180856 0.000039 0.067500 5.882353e-03
-0.176686 -0.295479 0.884065 0.217997 -0.142929 0.000025 0.067500 5.882353e-03
0.283724 0.826945 0.423049 -0.676942 0.224154 -0.000062 0.067500 5.882353e-03
0.440724 -0.274740 -0.779559 0.201421 0.349244 0.000007 0.067500 5.882353e-03
0.191796 -0.989015 -0.328419 0.770935 0.150794 0.000058 0.067500 5.882353e-03
0.170336 0.211577 -0.840146 -0.186329 0.133651 -0.000018 0.067500 5.882353e-03
0.698555 -0.274843 0.099867 0.201518 0.554883 0.000001 0.067500 5.882353e-03
-0.623758 0.258913 -0.184471 -0.224051 -0.499472 -0.000003 0.067500 5.882353e-03
-0.368508 0.679130 -0.153295 -0.559096 -0.295948 -0.000035 0.067500 5.882353e-03
0.193575 0.649934 0.664895 -0.535801 0.152286 -0.000047 0.067500 5.882353e-03
0.443258 0.177617 0.144872 -0.159230 0.351332 -0.000022 0.067500 5.882353e-03
0.324661 0.289503 -0.412650 -0.248452 0.256732 -0.000026 0.067500 5.882353e-03
-0.896641 -0.512019 0.046445 0.390625 -0.717031 0.000054 0.067500 5.882353e-03
0.979991 -0.204098 0.146810 0.145109 0.779283 -0.000010 0.067500 5.882353e-03
-0.043901 0.939669 0.222518 -0.766820 -0.037089 -0.000061 0.067500 5.882353e-03
-0.932405 -0.165521 0.351228 0.114366 -0.745527 0.000033 0.067500 5.882353e-03
-0.687743 -0.122670 -0.228376 0.080188 -0.550490 0.000023 0.067500 5.882353e-03
0.648635 -0.019940 0.713155 -0.001702 0.515119 -0.000015 0.067500 5.882353e-03
0.847345 -0.257970 -0.390370 0.188054 0.673483 -0.000002 0.067500 5.882353e-03
0.082946 -0.109984 -0.897926 0.070058 0.063969 0.000004 0.067500 5.882353e-03
-0.073807 -0.116044 -0.653536 0.074894 -0.061001 0.000009 0.067500 5.882353e-03
-0.394486 -0.245336 -0.264241 0.177989 -0.316667 0.000024 0.067500 5.882353e-03
0.029484 0.647232 -0.587373 -0.533679 0.021364 -0.000044 0.067500 5.882353e-03
-0.409273 -0.506896 0.667174 0.386559 -0.328395 0.000043 0.067500 5.882353e-03
0.151960 0.527060 -0.066738 -0.437849 0.119055 -0.000038 0.067500 5.882353e-03
-0.385214 -0.072557 0.487927 0.040249 -0.309224 0.000015 0.067500 5.882353e-03
0.377403 -0.671297 -0.628619 0.517604 0.298765 0.000034 0.067500 5.882353e-03
-0.282652 -0.986689 0.298110 0.769096 -0.227461 0.000070 0.067500 5.882353e-03
-0.842957 0.534825 0.044057 -0.444032 -0.674235 -0.000013 0.067500 5.882353e-03
0.097886 -0.532113 -0.252355 0.406640 0.075921 0.000032 0.067500 5.882353e-03
0.061337 -0.127507 0.569423 0.084061 0.046835 0.000009 0.067500 5.882353e-03
-0.422298 0.753389 -0.416457 -0.618312 -0.338855 -0.000037 0.067500 5.882353e-03
0.145536 0.093469 -0.232569 -0.092144 0.113917 -0.000010 0.067500 5.882353e-03
-0.394197 0.238427 -0.790914 -0.207735 -0.316469 -0.000008 0.067500 5.882353e-03
-0.735691 0.087450 -0.628455 -0.087353 -0.588746 0.000009 0.067500 5.882353e-03
0.648710 -0.818188 -0.048994 0.634735 0.515127 0.000037 0.067500 5.882353e-03
-0.154103 0.267978 -0.502850 -0.231289 -0.125016 -0.000014 0.067500 5.882353e-03
1.000541 0.081060 0.023049 -0.082252 0.795661 -0.000028 0.067500 5.882353e-03
0.372505 -0.472807 0.766933 0.359381 0.294954 0.000020 0.067500 5.882353e-03
0.433372 -0.824750 0.427396 0.639977 0.343463 0.000042 0.067500 5.882353e-03
-0.617658 0.710033 0.296501 -0.583722 -0.494580 -0.000031 0.067500 5.882353e-03
0.068366 0.344022 0.114395 -0.291904 0.052414 -0.000023 0.067500 5.882353e-03
-0.807339 0.442759 -0.339433 -0.370637 -0.645858 -0.000009 0.067500 5.882353e-03
0.665500 -0.213591 -0.637362 0.152665 0.528477 -0.000001 0.067500 5.882353e-03
-0.503400 0.474554 -0.316539 -0.395988 -0.403516 -0.000018 0.067500 5.882353e-03
0.553295 0.166199 -0.265716 -0.150136 0.439040 -0.000023 0.067500 5.882353e-03
-0.515221 0.851027 0.058112 -0.696143 -0.412920 -0.000042 0.067500 5.882353e-03
0.855871 0.467904 -0.148554 -0.390691 0.680304 -0.000050 0.067500 5.882353e-03
-0.430016 0.528196 -0.595247 -0.438767 -0.345019 -0.000024 0.067500 5.882353e-03
-0.375956 2.870156 -0.161070 -0.551865 -0.081711 0.000170 0.035000 5.882353e-04
-0.380112 3.050403 -0.105728 -0.619292 -0.082915 -0.000899 0.035000 5.882353e-04
-0.540371 2.902727 0.059098 -0.564276 -0.141885 -0.000211 0.035000 5.882353e-04
-0.311240 2.931545 0.003406 -0.574993 -0.056530 -0.000123 0.035000 5.882353e-04
-0.370415 3.116454 0.066104 -0.644160 -0.078272 -0.001295 0.035000 5.882353e-04
-0.151984 2.864484 -0.012215 -0.549914 0.002939 0.000446 0.035000 5.882353e-04
-0.376316 2.741578 -0.003545 -0.503982 -0.080932 0.000929 0.035000 5.882353e-04
-0.216121 3.042102 0.096408 -0.616400 -0.020403 -0.000670 0.035000 5.882353e-04
-0.305190 2.948595 0.163425 -0.581544 -0.053321 -0.000224 0.035000 5.882353e-04
-0.211142 3.020666 -0.079513 -0.608196 -0.019575 -0.000547 0.035000 5.882353e-04
-0.316942 2.780288 0.122295 -0.518595 -0.057965 0.000765 0.035000 5.882353e-04
-0.278771 3.172764 -0.039712 -0.665055 -0.044621 -0.001496 0.035000 5.882353e-04
-0.544234 2.940362 -0.076195 -0.578188 -0.144137 -0.000429 0.035000 5.882353e-04
-0.247236 2.816024 -0.116328 -0.531693 -0.033299 0.000632 0.035000 5.882353e-04
-0.502369 2.788325 -0.059516 -0.521394 -0.128395 0.000509 0.035000 5.882353e-04
-0.479182 3.026318 0.034038 -0.610431 -0.119147 -0.000879 0.035000 5.882353e-04
-0.457878 2.788731 0.105810 -0.521737 -0.110790 0.000552 0.035000 5.882353e-04
