200000.000000
-0.191604 -0.047843 0.735475 0.055931 -0.148371 -0.000032 0.067500 6.134969e-03
-0.148114 -0.925218 0.091283 0.754940 -0.113442 -0.000436 0.067500 6.134969e-03
-0.720804 -0.128714 0.678338 0.120368 -0.570184 0.000214 0.067500 6.134969e-03
-0.690920 -0.018531 -0.642273 0.031838 -0.545784 0.000249 0.067500 6.134969e-03
0.003472 0.352917 0.600411 -0.263587 0.007194 0.000041 0.067500 6.134969e-03
0.184764 0.074312 0.876321 -0.041365 0.151585 -0.000177 0.067500 6.134969e-03
-0.220772 0.511607 -0.362888 -0.390592 -0.171135 0.000228 0.067500 6.134969e-03
-0.133372 -0.908764 0.379917 0.741979 -0.101814 -0.000437 0.067500 6.134969e-03
-0.321392 -0.348241 -0.231054 0.294867 -0.251414 -0.000093 0.067500 6.134969e-03
0.275271 -0.350920 -0.795339 0.296698 0.224455 -0.000410 0.067500 6.134969e-03
0.849647 0.263464 0.063197 -0.192574 0.681934 -0.000448 0.067500 6.134969e-03
0.083005 -0.571246 -0.523070 0.472464 0.071072 -0.000406 0.067500 6.134969e-03
-0.716500 -0.443014 0.105694 0.370592 -0.566507 0.000074 0.067500 6.134969e-03
-0.747039 -0.059042 0.139653 0.064546 -0.590860 0.000259 0.067500 6.134969e-03
0.132637 0.033378 -0.408859 -0.009423 0.110592 -0.000167 0.067500 6.134969e-03
0.292654 0.329150 0.184566 -0.244866 0.237892 -0.000123 0.067500 6.134969e-03
-0.194212 -0.747690 -0.128178 0.613317 -0.150089 -0.000335 0.067500 6.134969e-03
-0.386182 0.126374 -0.379746 -0.083529 -0.302986 0.000150 0.067500 6.134969e-03
-0.371318 0.968844 0.055450 -0.754840 -0.291321 0.000508 0.067500 6.134969e-03
-0.628653 0.253125 0.275914 -0.184210 -0.496550 0.000333 0.067500 6.134969e-03
-0.869818 -0.171830 0.373125 0.154573 -0.688832 0.000274 0.067500 6.134969e-03
-0.045076 0.037439 -0.771963 -0.012852 -0.030908 -0.000072 0.067500 6.134969e-03
0.741444 0.071806 -0.145597 -0.039916 0.595776 -0.000476 0.067500 6.134969e-03
0.705028 -0.070879 -0.564866 0.073596 0.566929 -0.000520 0.067500 6.134969e-03
-0.155813 -0.063564 -0.255308 0.067934 -0.119407 -0.000056 0.067500 6.134969e-03
0.637906 0.538639 0.192481 -0.411845 0.513096 -0.000215 0.067500 6.134969e-03
-0.927566 0.438357 0.135528 -0.331934 -0.734757 0.000575 0.067500 6.134969e-03
0.661923 -0.345398 0.514107 0.292989 0.532096 -0.000616 0.067500 6.134969e-03
0.079130 -0.436952 -0.108410 0.365636 0.067803 -0.000345 0.067500 6.134969e-03
-0.426756 0.392099 -0.602086 -0.295459 -0.335228 0.000287 0.067500 6.134969e-03
0.493706 0.276725 -0.084679 -0.203223 0.398271 -0.000254 0.067500 6.134969e-03
0.172601 0.799531 -0.567215 -0.620211 0.142523 0.000143 0.067500 6.134969e-03
0.789092 -0.542771 -0.005996 0.450025 0.633697 -0.000771 0.067500 6.134969e-03
-0.438325 -0.440896 0.675395 0.369205 -0.345016 -0.000073 0.067500 6.134969e-03
-0.205096 0.961572 0.289920 -0.748918 -0.158923 0.000417 0.067500 6.134969e-03
-0.295427 0.683016 0.512595 -0.526758 -0.231027 0.000343 0.067500 6.134969e-03
-0.386222 -0.368341 0.300293 0.311171 -0.303323 -0.000068 0.067500 6.134969e-03
0.411279 -0.662555 0.224871 0.545633 0.332426 -0.000621 0.067500 6.134969e-03
-0.372636 -0.480445 -0.536009 0.400085 -0.292126 -0.000123 0.067500 6.134969e-03
0.272809 -0.136059 -0.013469 0.125845 0.222155 -0.000317 0.067500 6.134969e-03
-0.085557 0.342596 -0.183400 -0.255779 -0.063431 0.000083 0.067500 6.134969e-03
0.441055 -0.044478 -0.822857 0.052416 0.356619 -0.000367 0.067500 6.134969e-03
-0.357671 -0.613386 0.064964 0.506367 -0.280465 -0.000189 0.067500 6.134969e-03
0.078313 0.173546 0.030377 -0.120916 0.067100 -0.000077 0.067500 6.134969e-03
0.430414 0.390729 -0.320880 -0.294222 0.347922 -0.000170 0.067500 6.134969e-03
0.128802 -0.063098 0.292371 0.067850 0.107229 -0.000209 0.067500 6.134969e-03
-0.042764 0.349856 -0.657502 -0.261819 -0.029113 0.000063 0.067500 6.134969e-03
0.275740 -0.773477 -0.389987 0.633727 0.224649 -0.000596 0.067500 6.134969e-03
-0.180424 0.458634 0.369736 -0.347976 -0.139294 0.000185 0.067500 6.134969e-03
-0.243607 0.023499 0.448188 -0.001090 -0.189699 0.000028 0.067500 6.134969e-03
0.466543 0.604362 -0.133381 -0.464409 0.376640 -0.000097 0.067500 6.134969e-03
-0.456457 0.750752 -0.298856 -0.581183 -0.359034 0.000459 0.067500 6.134969e-03
0.701981 0.522462 -0.390882 -0.399264 0.564425 -0.000259 0.067500 6.134969e-03
0.453958 -0.518556 -0.059629 0.430701 0.366571 -0.000578 0.067500 6.134969e-03
0.076286 -0.504434 0.592524 0.419804 0.065229 -0.000374 0.067500 6.134969e-03
0.983712 0.198072 -0.223209 -0.140603 0.788925 -0.000551 0.067500 6.134969e-03
-0.243099 0.584945 -0.034190 -0.448876 -0.189077 0.000273 0.067500 6.134969e-03
-0.148270 -0.255558 0.090509 0.221158 -0.113552 -0.000146 0.067500 6.134969e-03
0.064968 -0.428127 0.201255 0.358765 0.056377 -0.000334 0.067500 6.134969e-03
-0.667728 -0.514201 -0.356773 0.427089 -0.527429 0.000017 0.067500 6.134969e-03
0.073935 0.880786 -0.120741 -0.684741 0.063680 0.000233 0.067500 6.134969e-03
0.176571 -0.350980 0.790895 0.297589 0.145086 -0.000361 0.067500 6.134969e-03
-0.884093 -0.311032 -0.138786 0.265260 -0.699988 0.000222 0.067500 6.134969e-03
-0.314301 -0.173485 -0.701534 0.155317 -0.245549 -0.000019 0.067500 6.134969e-03
0.768111 0.156800 0.404404 -0.107370 0.616788 -0.000451 0.067500 6.134969e-03
-1.023541 -0.062104 -0.057363 0.066885 -0.811177 0.000406 0.067500 6.134969e-03
0.067341 0.678897 -0.336538 -0.523929 0.058518 0.000148 0.067500 6.134969e-03
-0.791180 0.326137 -0.120222 -0.242618 -0.625931 0.000453 0.067500 6.134969e-03
-0.392945 0.162214 0.660434 -0.111543 -0.308832 0.000166 0.067500 6.134969e-03
0.288316 0.662693 0.236551 -0.510706 0.234412 0.000024 0.067500 6.134969e-03
0.374459 0.376047 -0.684837 -0.282713 0.303476 -0.000148 0.067500 6.134969e-03
0.514415 0.777529 0.144016 -0.602293 0.414681 -0.000047 0.067500 6.134969e-03
-0.506982 -0.078545 0.333375 0.080193 -0.399593 0.000122 0.067500 6.134969e-03
0.291869 -0.267737 0.471154 0.231064 0.237135 -0.000384 0.067500 6.134969e-03
0.452341 -0.012140 0.717738 0.027459 0.364943 -0.000358 0.067500 6.134969e-03
-0.825819 -0.148409 -0.444134 0.135470 -0.653401 0.000263 0.067500 6.134969e-03
-0.596975 -0.736176 -0.162192 0.604126 -0.471119 -0.000117 0.067500 6.134969e-03
-0.468874 0.755627 0.207976 -0.584799 -0.369154 0.000467 0.067500 6.134969e-03
0.461674 0.410743 0.723807 -0.309616 0.372385 -0.000177 0.067500 6.134969e-03
-0.455884 0.524335 0.664870 -0.400190 -0.358999 0.000359 0.067500 6.134969e-03
-0.688147 0.707584 -0.119764 -0.546676 -0.543799 0.000565 0.067500 6.134969e-03
-0.658312 0.139229 0.728819 -0.093184 -0.520390 0.000298 0.067500 6.134969e-03
0.122677 0.548595 0.771613 -0.419472 0.102143 0.000064 0.067500 6.134969e-03
0.309612 -0.404096 -0.428420 0.339274 0.251669 -0.000453 0.067500 6.134969e-03
-0.193567 -0.482953 0.481601 0.402623 -0.149832 -0.000221 0.067500 6.134969e-03
-0.251581 0.002400 0.042192 0.015512 -0.195879 0.000023 0.067500 6.134969e-03
0.256960 0.140361 0.494878 -0.094218 0.209303 -0.000186 0.067500 6.134969e-03
-0.570973 0.344849 -0.305545 -0.257636 -0.450317 0.000343 0.067500 6.134969e-03
0.638447 0.022499 0.121185 -0.000471 0.513558 -0.000441 0.067500 6.134969e-03
-0.103530 0.181953 0.874414 -0.127167 -0.078221 0.000021 0.067500 6.134969e-03
0.756947 -0.184525 0.248634 0.164615 0.607957 -0.000596 0.067500 6.134969e-03
0.108133 -0.870565 0.205151 0.711436 0.090776 -0.000550 0.067500 6.134969e-03
-0.756137 0.560333 0.376065 -0.429036 -0.598212 0.000535 0.067500 6.134969e-03
-0.288457 0.627657 -0.657276 -0.483256 -0.224962 0.000316 0.067500 6.134969e-03
0.134632 -0.773119 0.460524 0.633897 0.111792 -0.000522 0.067500 6.134969e-03
0.911026 -0.269739 0.003009 0.232405 0.730888 -0.000716 0.067500 6.134969e-03
0.176832 -0.719822 -0.034461 0.591145 0.145648 -0.000522 0.067500 6.134969e-03
0.541669 -0.355041 -0.694349 0.300035 0.436765 -0.000555 0.067500 6.134969e-03
0.350251 0.907391 -0.242637 -0.706014 0.283991 0.000097 0.067500 6.134969e-03
0.516880 -0.086844 -0.204746 0.086512 0.416797 -0.000426 0.067500 6.134969e-03
0.253591 0.169216 -0.182803 -0.117581 0.206911 -0.000173 0.067500 6.134969e-03
0.071314 -0.259357 -0.582295 0.223827 0.061782 -0.000263 0.067500 6.134969e-03
0.801756 -0.444967 -0.362600 0.371882 0.643947 -0.000731 0.067500 6.134969e-03
0.758981 0.664455 -0.093730 -0.512288 0.609733 -0.000227 0.067500 6.134969e-03
-0.433071 -0.870289 0.025636 0.711120 -0.340556 -0.000262 0.067500 6.134969e-03
0.247094 0.101197 -0.704072 -0.063640 0.201959 -0.000200 0.067500 6.134969e-03
-0.600529 -0.227276 -0.193061 0.198467 -0.473934 0.000108 0.067500 6.134969e-03
0.293978 0.538431 0.475314 -0.411528 0.238821 -0.000033 0.067500 6.134969e-03
-0.641122 -0.626563 0.383958 0.517044 -0.506543 -0.000045 0.067500 6.134969e-03
-0.072651 -0.361726 -0.812039 0.305305 -0.052876 -0.000231 0.067500 6.134969e-03
-0.290595 0.984586 -0.204799 -0.767527 -0.226859 0.000472 0.067500 6.134969e-03
-0.158190 -0.682185 -0.602208 0.560856 -0.121161 -0.000328 0.067500 6.134969e-03
0.423571 -0.616215 0.584331 0.508896 0.342067 -0.000610 0.067500 6.134969e-03
-0.353394 0.341707 0.078802 -0.254925 -0.277049 0.000226 0.067500 6.134969e-03
-0.413307 -0.178835 0.608813 0.160279 -0.325044 0.000029 0.067500 6.134969e-03
0.005936 0.560114 0.176159 -0.428972 0.009346 0.000129 0.067500 6.134969e-03
0.750773 0.193801 -0.603506 -0.137402 0.603409 -0.000430 0.067500 6.134969e-03
-0.400275 0.088315 -0.666683 -0.053346 -0.314093 0.000142 0.067500 6.134969e-03
-0.189660 0.532546 0.755976 -0.406688 -0.146826 0.000220 0.067500 6.134969e-03
0.621892 -0.704290 -0.335924 0.578606 0.500560 -0.000750 0.067500 6.134969e-03
0.730266 -0.009373 0.618489 0.025200 0.586527 -0.000505 0.067500 6.134969e-03
0.453842 -0.182048 0.204596 0.162617 0.366368 -0.000432 0.067500 6.134969e-03
-0.062746 -0.883276 -0.394806 0.721253 -0.045177 -0.000464 0.067500 6.134969e-03
-0.641579 0.524100 -0.498167 -0.400623 -0.506513 0.000461 0.067500 6.134969e-03
0.319055 0.988999 0.103421 -0.770880 0.258974 0.000150 0.067500 6.134969e-03
0.209640 0.821652 0.535136 -0.637256 0.171567 0.000136 0.067500 6.134969e-03
0.725907 0.398674 0.541395 -0.300095 0.583088 -0.000322 0.067500 6.134969e-03
-0.153000 -0.540518 0.750853 0.448652 -0.117612 -0.000268 0.067500 6.134969e-03
-0.180788 0.838013 -0.486176 -0.650842 -0.139207 0.000349 0.067500 6.134969e-03
-0.814216 0.163146 -0.356570 -0.112824 -0.644190 0.000395 0.067500 6.134969e-03
0.490278 0.134165 -0.486061 -0.089804 0.395711 -0.000315 0.067500 6.134969e-03
0.005971 0.650193 0.448566 -0.500629 0.009256 0.000170 0.067500 6.134969e-03
-0.658333 0.254881 -0.660655 -0.186111 -0.519798 0.000352 0.067500 6.134969e-03
0.659452 -0.545434 0.265856 0.452298 0.530234 -0.000703 0.067500 6.134969e-03
0.159197 -0.106456 -0.881115 0.101790 0.131968 -0.000244 0.067500 6.134969e-03
0.539906 0.725528 0.417485 -0.560695 0.434880 -0.000082 0.067500 6.134969e-03
0.500315 0.282435 0.364809 -0.207534 0.403342 -0.000254 0.067500 6.134969e-03
-0.222924 0.238734 -0.826278 -0.173332 -0.172651 0.000111 0.067500 6.134969e-03
0.095398 0.379158 -0.407628 -0.285043 0.080911 0.000003 0.067500 6.134969e-03
-0.359544 -0.725908 0.464383 0.596272 -0.282132 -0.000237 0.067500 6.134969e-03
-0.635924 0.103657 -0.061891 -0.065250 -0.502200 0.000272 0.067500 6.134969e-03
0.903546 -0.204220 -0.257121 0.180043 0.725038 -0.000682 0.067500 6.134969e-03
1.027766 -0.015733 0.036159 0.029958 0.823929 -0.000666 0.067500 6.134969e-03
0.491999 -0.345822 0.727737 0.293441 0.396550 -0.000525 0.067500 6.134969e-03
-0.381086 -0.156636 -0.434699 0.142029 -0.298903 0.000023 0.067500 6.134969e-03
0.397248 -0.909325 0.089780 0.742264 0.321296 -0.000723 0.067500 6.134969e-03
-0.435546 -0.728005 -0.438550 0.597467 -0.342319 -0.000200 0.067500 6.134969e-03
-0.895995 0.205972 0.307964 -0.146606 -0.709667 0.000454 0.067500 6.134969e-03
0.175101 0.577230 -0.112008 -0.442769 0.144316 0.000047 0.067500 6.134969e-03
0.421677 0.680013 -0.481856 -0.524897 0.341028 -0.000041 0.067500 6.134969e-03
0.050034 -0.998106 -0.086610 0.812943 0.044590 -0.000574 0.067500 6.134969e-03
-0.470676 0.491453 0.280200 -0.374182 -0.370624 0.000353 0.067500 6.134969e-03
0.381499 -0.123150 -0.471490 0.115310 0.308995 -0.000369 0.067500 6.134969e-03
0.092065 0.972232 0.328344 -0.757396 0.077935 0.000263 0.067500 6.134969e-03
0.201196 -0.206846 -0.279047 0.182131 0.165185 -0.000309 0.067500 6.134969e-03
0.016036 -0.108365 0.554889 0.104074 0.017222 -0.000168 0.067500 6.134969e-03
-0.688644 -0.351508 0.491604 0.297857 -0.544468 0.000099 0.067500 6.134969e-03
-0.521796 -0.474447 -0.102560 0.395535 -0.411216 -0.000042 0.067500 6.134969e-03
-0.534609 -0.239505 0.072587 0.208355 -0.421504 0.000066 0.067500 6.134969e-03
0.527464 -0.079021 0.447054 0.080622 0.424946 -0.000427 0.067500 6.134969e-03
-0.673797 0.516640 0.085851 -0.394362 -0.532452 0.000473 0.067500 6.134969e-03
-0.594275 -0.287578 -0.578341 0.246329 -0.468778 0.000080 0.067500 6.134969e-03
0.017547 0.631642 -0.733755 -0.486474 0.018997 0.000153 0.067500 6.134969e-03
0.881722 -2.861647 -0.100865 0.552310 0.168907 0.009305 0.035000 5.000000e-04
0.667796 -3.059238 -0.037426 0.581702 0.135158 0.003274 0.035000 5.000000e-04
0.684367 -2.986557 0.101213 0.572432 0.131904 0.006084 0.035000 5.000000e-04
0.792595 -3.008591 -0.140724 0.573338 0.157554 0.004155 0.035000 5.000000e-04
0.676241 -2.845704 -0.007380 0.550876 0.135157 0.011912 0.035000 5.000000e-04
0.864335 -3.123603 -0.070460 0.590768 0.165135 -0.001220 0.035000 5.000000e-04
0.701641 -2.918632 -0.203115 0.559639 0.146856 0.008693 0.035000 5.000000e-04
0.894470 -2.816100 0.089188 0.547483 0.162998 0.011044 0.035000 5.000000e-04
0.981265 -2.919573 -0.004650 0.561667 0.179476 0.005996 0.035000 5.000000e-04
0.820833 -3.089827 0.074796 0.587229 0.152863 0.000573 0.035000 5.000000e-04
0.791089 -2.727930 0.023574 0.534013 0.150620 0.015627 0.035000 5.000000e-04
0.624247 -2.763181 -0.150625 0.537487 0.133440 0.015776 0.035000 5.000000e-04
0.833793 -2.713615 -0.123772 0.530524 0.162861 0.015806 0.035000 5.000000e-04
0.626899 -2.712813 0.055254 0.532109 0.125410 0.017805 0.035000 5.000000e-04
0.702721 -2.818757 0.128741 0.548245 0.133453 0.012759 0.035000 5.000000e-04
0.953767 -3.018802 -0.118442 0.575042 0.180118 0.002206 0.035000 5.000000e-04
0.721892 -2.640247 -0.078077 0.520268 0.144695 0.019866 0.035000 5.000000e-04
0.935628 -2.744322 -0.026884 0.535921 0.173734 0.013582 0.035000 5.000000e-04
0.797873 -2.906065 0.029382 0.560020 0.151373 0.008289 0.035000 5.000000e-04
0.583522 -2.930083 -0.086416 0.562415 0.124884 0.009346 0.035000 5.000000e-04
