200000.001407
-0.397850 -0.587803 0.509706 0.486275 -0.320013 -0.000159 0.067500 6.060606e-03
-0.090580 0.356057 -0.842594 -0.266074 -0.074807 0.000031 0.067500 6.060606e-03
0.793851 -0.370086 -0.441483 0.312751 0.630139 -0.000101 0.067500 6.060606e-03
0.469285 0.181563 0.309066 -0.126991 0.371266 0.000004 0.067500 6.060606e-03
0.246629 0.616017 0.326290 -0.473309 0.193770 0.000087 0.067500 6.060606e-03
0.839554 -0.190546 -0.181602 0.169633 0.666519 -0.000065 0.067500 6.060606e-03
-0.371517 0.318838 0.517259 -0.236424 -0.299021 0.000020 0.067500 6.060606e-03
-0.017081 -0.403097 0.153536 0.339046 -0.016407 -0.000118 0.067500 6.060606e-03
-0.349530 0.000155 0.836791 0.017602 -0.281556 -0.000044 0.067500 6.060606e-03
-0.284559 0.090381 -0.493985 -0.054302 -0.229506 -0.000023 0.067500 6.060606e-03
-0.051503 0.099596 0.824855 -0.061664 -0.043982 -0.000019 0.067500 6.060606e-03
0.368197 -0.908709 -0.039534 0.742087 0.290768 -0.000211 0.067500 6.060606e-03
0.270935 0.202606 -0.808855 -0.143752 0.213371 0.000004 0.067500 6.060606e-03
-0.483838 0.195005 0.045545 -0.137707 -0.388467 -0.000007 0.067500 6.060606e-03
0.279226 -0.316825 -0.186138 0.270288 0.219862 -0.000098 0.067500 6.060606e-03
0.511121 0.750192 0.066434 -0.580259 0.404661 0.000116 0.067500 6.060606e-03
-0.356488 0.893963 -0.026465 -0.694866 -0.286936 0.000134 0.067500 6.060606e-03
-0.772874 0.679011 -0.118213 -0.523519 -0.618837 0.000087 0.067500 6.060606e-03
-0.215373 0.006019 -0.020379 0.012940 -0.174446 -0.000039 0.067500 6.060606e-03
-0.341936 0.587822 -0.053354 -0.450831 -0.275330 0.000073 0.067500 6.060606e-03
0.737868 0.268350 0.585282 -0.196174 0.585309 0.000025 0.067500 6.060606e-03
-0.606330 -0.334355 -0.438791 0.284260 -0.486016 -0.000111 0.067500 6.060606e-03
-0.274955 0.572983 0.581696 -0.439009 -0.222060 0.000070 0.067500 6.060606e-03
0.251349 -0.818127 0.452927 0.669873 0.197520 -0.000194 0.067500 6.060606e-03
0.010989 -0.294865 0.547576 0.252771 0.005894 -0.000097 0.067500 6.060606e-03
0.660093 0.215511 0.097206 -0.154048 0.523407 0.000013 0.067500 6.060606e-03
-0.554004 0.139754 0.665872 -0.093672 -0.444521 -0.000020 0.067500 6.060606e-03
-0.575845 -0.061989 -0.592648 0.067155 -0.461683 -0.000057 0.067500 6.060606e-03
0.568540 0.099472 -0.192994 -0.061547 0.450485 -0.000011 0.067500 6.060606e-03
0.367480 -0.595647 -0.215289 0.492543 0.290224 -0.000149 0.067500 6.060606e-03
-0.208510 0.684804 0.162747 -0.528140 -0.169013 0.000094 0.067500 6.060606e-03
0.803532 0.085886 -0.466672 -0.050714 0.637859 -0.000012 0.067500 6.060606e-03
-0.241419 0.266396 -0.185239 -0.194612 -0.195177 0.000012 0.067500 6.060606e-03
-0.561143 -0.182514 0.632934 0.163216 -0.450206 -0.000082 0.067500 6.060606e-03
0.888328 -0.333784 0.361756 0.283804 0.705294 -0.000091 0.067500 6.060606e-03
-0.286193 -0.343051 0.274967 0.291180 -0.230959 -0.000110 0.067500 6.060606e-03
0.559398 -0.717065 0.127265 0.589321 0.443145 -0.000170 0.067500 6.060606e-03
0.392822 -0.587161 0.652228 0.485767 0.310250 -0.000149 0.067500 6.060606e-03
-0.421694 -0.467013 -0.244296 0.390001 -0.338872 -0.000134 0.067500 6.060606e-03
-0.938298 -0.110338 -0.358520 0.105690 -0.750656 -0.000071 0.067500 6.060606e-03
0.155647 0.533026 -0.159306 -0.407148 0.121340 0.000069 0.067500 6.060606e-03
0.020060 -0.221446 -0.489006 0.194262 0.013326 -0.000082 0.067500 6.060606e-03
-0.689983 -0.129366 -0.067965 0.120856 -0.552772 -0.000073 0.067500 6.060606e-03
-0.037215 0.472625 -0.362409 -0.358999 -0.032361 0.000055 0.067500 6.060606e-03
-0.297685 -0.185291 -0.764654 0.165444 -0.239916 -0.000076 0.067500 6.060606e-03
-0.022157 0.478310 0.412290 -0.363540 -0.020508 0.000056 0.067500 6.060606e-03
-0.388556 -0.135436 -0.330168 0.125696 -0.312441 -0.000067 0.067500 6.060606e-03
-0.289461 -0.826193 0.062392 0.676306 -0.233522 -0.000205 0.067500 6.060606e-03
0.343872 0.220269 0.616079 -0.157850 0.271231 0.000009 0.067500 6.060606e-03
0.353172 -0.223708 0.818552 0.196053 0.278607 -0.000077 0.067500 6.060606e-03
0.637432 -0.293666 0.130291 0.251827 0.505341 -0.000087 0.067500 6.060606e-03
-0.592264 0.172922 -0.435853 -0.120099 -0.474801 -0.000011 0.067500 6.060606e-03
0.266960 -0.224245 -0.738101 0.196498 0.210191 -0.000078 0.067500 6.060606e-03
0.221981 0.334048 -0.481442 -0.248533 0.174282 0.000031 0.067500 6.060606e-03
0.340656 0.724899 -0.371182 -0.560093 0.268862 0.000109 0.067500 6.060606e-03
0.165964 -0.539208 0.429221 0.447541 0.129458 -0.000141 0.067500 6.060606e-03
0.064015 1.016452 -0.105557 -0.792505 0.048283 0.000163 0.067500 6.060606e-03
0.406448 -0.339590 -0.437723 0.288439 0.321325 -0.000098 0.067500 6.060606e-03
-0.785960 0.152741 0.006848 -0.104018 -0.629294 -0.000018 0.067500 6.060606e-03
0.546772 0.192832 -0.495449 -0.135964 0.433192 0.000005 0.067500 6.060606e-03
0.843227 0.365316 0.313294 -0.273464 0.669348 0.000045 0.067500 6.060606e-03
0.319106 0.016868 0.121586 0.004292 0.251588 -0.000031 0.067500 6.060606e-03
-0.667528 -0.466624 0.107131 0.389683 -0.534911 -0.000139 0.067500 6.060606e-03
-0.011124 -0.824568 0.315116 0.675010 -0.011686 -0.000199 0.067500 6.060606e-03
-0.074350 0.110625 0.457297 -0.070449 -0.062121 -0.000017 0.067500 6.060606e-03
0.671099 0.016240 0.429991 0.004793 0.532117 -0.000025 0.067500 6.060606e-03
0.039338 -0.628529 -0.007969 0.518745 0.028601 -0.000161 0.067500 6.060606e-03
0.899667 0.111212 -0.215169 -0.070903 0.714443 -0.000006 0.067500 6.060606e-03
-0.034040 0.650325 -0.664371 -0.500646 -0.029771 0.000090 0.067500 6.060606e-03
-0.095860 0.819066 0.387036 -0.635168 -0.079257 0.000121 0.067500 6.060606e-03
0.387050 -0.247787 0.315075 0.215252 0.305713 -0.000081 0.067500 6.060606e-03
-0.216065 0.826779 -0.329268 -0.641307 -0.174939 0.000123 0.067500 6.060606e-03
-0.249609 -0.814723 -0.239559 0.667169 -0.201694 -0.000201 0.067500 6.060606e-03
-0.559223 -0.025496 0.321895 0.038057 -0.448615 -0.000052 0.067500 6.060606e-03
-0.561772 -0.852650 0.087338 0.697394 -0.450607 -0.000212 0.067500 6.060606e-03
0.275482 0.489156 0.588743 -0.372187 0.216720 0.000062 0.067500 6.060606e-03
-1.010131 -0.049269 0.082735 0.057009 -0.808005 -0.000061 0.067500 6.060606e-03
-0.354594 0.516336 -0.380188 -0.393843 -0.285354 0.000059 0.067500 6.060606e-03
0.044216 -0.096041 0.300620 0.094291 0.032426 -0.000057 0.067500 6.060606e-03
-0.579813 0.553821 0.486620 -0.423734 -0.465060 0.000062 0.067500 6.060606e-03
-0.270043 -0.066407 0.560734 0.070664 -0.218138 -0.000055 0.067500 6.060606e-03
-0.032042 -0.006336 -0.224244 0.022790 -0.028263 -0.000040 0.067500 6.060606e-03
0.622488 0.551448 -0.556312 -0.421826 0.493559 0.000077 0.067500 6.060606e-03
-0.255504 -0.643964 -0.578242 0.531059 -0.206327 -0.000167 0.067500 6.060606e-03
-0.481961 0.120995 -0.789792 -0.078702 -0.386806 -0.000019 0.067500 6.060606e-03
0.071723 -0.914270 0.055429 0.746517 0.054409 -0.000216 0.067500 6.060606e-03
0.332314 0.039472 -0.604321 -0.013716 0.262260 -0.000026 0.067500 6.060606e-03
-0.367152 -0.388922 0.793243 0.327746 -0.295594 -0.000120 0.067500 6.060606e-03
0.895213 0.490140 -0.010913 -0.372961 0.710852 0.000069 0.067500 6.060606e-03
0.471467 -0.035375 0.632521 0.045931 0.372942 -0.000039 0.067500 6.060606e-03
-0.793233 0.038021 0.496155 -0.012576 -0.635189 -0.000043 0.067500 6.060606e-03
0.836014 0.360109 -0.450794 -0.269305 0.663748 0.000042 0.067500 6.060606e-03
-0.793433 0.627118 0.154054 -0.482157 -0.635280 0.000075 0.067500 6.060606e-03
-0.362943 -0.225552 -0.069884 0.197525 -0.292074 -0.000088 0.067500 6.060606e-03
0.510193 0.422670 0.445153 -0.319186 0.403847 0.000052 0.067500 6.060606e-03
0.725879 -0.578480 -0.154508 0.478861 0.575905 -0.000140 0.067500 6.060606e-03
-0.592102 -0.772692 -0.248331 0.633661 -0.474716 -0.000199 0.067500 6.060606e-03
0.117592 0.244308 -0.125915 -0.177004 0.090999 0.000011 0.067500 6.060606e-03
0.698269 0.356890 -0.204730 -0.266742 0.553899 0.000041 0.067500 6.060606e-03
-0.820867 0.384016 -0.350990 -0.288367 -0.657048 0.000028 0.067500 6.060606e-03
0.519782 0.674906 0.342215 -0.520250 0.411510 0.000102 0.067500 6.060606e-03
-0.382472 0.793692 0.375815 -0.614942 -0.307729 0.000113 0.067500 6.060606e-03
0.058776 -0.743509 -0.576647 0.610412 0.044210 -0.000184 0.067500 6.060606e-03
-0.051803 -0.339158 -0.148427 0.288086 -0.044027 -0.000105 0.067500 6.060606e-03
0.321660 0.494068 -0.681590 -0.376087 0.253780 0.000063 0.067500 6.060606e-03
0.210134 0.326094 0.150166 -0.242200 0.164714 0.000028 0.067500 6.060606e-03
0.029175 0.535254 0.778016 -0.408937 0.020340 0.000068 0.067500 6.060606e-03
0.861634 -0.439124 0.066839 0.367776 0.684074 -0.000113 0.067500 6.060606e-03
0.517910 -0.515172 0.378326 0.428388 0.410018 -0.000132 0.067500 6.060606e-03
0.085030 -0.559742 0.758969 0.463908 0.064874 -0.000146 0.067500 6.060606e-03
0.340665 0.924401 -0.142323 -0.719126 0.268822 0.000148 0.067500 6.060606e-03
-0.176113 -0.833264 0.530208 0.681940 -0.143253 -0.000203 0.067500 6.060606e-03
0.563175 -0.656696 -0.404608 0.541210 0.446255 -0.000158 0.067500 6.060606e-03
0.952525 0.104574 0.310517 -0.065617 0.756476 -0.000005 0.067500 6.060606e-03
0.213062 0.847902 0.479711 -0.658155 0.166982 0.000131 0.067500 6.060606e-03
0.073686 -0.071447 -0.858665 0.074701 0.056146 -0.000050 0.067500 6.060606e-03
0.866767 -0.150719 0.081974 0.137885 0.688161 -0.000056 0.067500 6.060606e-03
-0.597731 -0.292216 0.352229 0.250661 -0.479319 -0.000104 0.067500 6.060606e-03
0.077252 0.861978 -0.425355 -0.669365 0.058899 0.000133 0.067500 6.060606e-03
-0.749488 -0.549234 -0.283209 0.455541 -0.600166 -0.000157 0.067500 6.060606e-03
0.673722 0.657436 -0.304824 -0.506316 0.534350 0.000099 0.067500 6.060606e-03
0.719565 -0.194550 0.649735 0.172816 0.570707 -0.000066 0.067500 6.060606e-03
0.312361 0.101619 0.865945 -0.063274 0.246064 -0.000015 0.067500 6.060606e-03
0.292528 0.986062 0.120974 -0.768281 0.230399 0.000160 0.067500 6.060606e-03
-0.060390 0.014691 -0.634236 0.006035 -0.050779 -0.000035 0.067500 6.060606e-03
0.596447 -0.356876 -0.646473 0.302223 0.472820 -0.000101 0.067500 6.060606e-03
0.080738 -0.902200 -0.339783 0.736902 0.061671 -0.000213 0.067500 6.060606e-03
-0.228210 -0.353225 -0.396989 0.299301 -0.184604 -0.000111 0.067500 6.060606e-03
-0.506147 0.357060 -0.203601 -0.266883 -0.406200 0.000026 0.067500 6.060606e-03
0.087232 -0.632237 -0.304599 0.521707 0.066838 -0.000162 0.067500 6.060606e-03
-0.290804 0.208395 0.256947 -0.148383 -0.234633 -0.000002 0.067500 6.060606e-03
-0.673060 0.491102 -0.560901 -0.373725 -0.539183 0.000051 0.067500 6.060606e-03
-0.955752 -0.187159 0.306151 0.166921 -0.764702 -0.000087 0.067500 6.060606e-03
0.339624 0.108325 -0.333948 -0.068605 0.268034 -0.000013 0.067500 6.060606e-03
-0.033809 -0.488671 -0.667881 0.407276 -0.029579 -0.000134 0.067500 6.060606e-03
-0.205489 0.330133 0.826980 -0.245431 -0.166731 0.000023 0.067500 6.060606e-03
0.022938 -0.189210 0.857528 0.168552 0.015357 -0.000073 0.067500 6.060606e-03
-0.879004 -0.389760 -0.109359 0.328418 -0.703444 -0.000126 0.067500 6.060606e-03
0.241703 -0.540775 -0.680955 0.448812 0.190047 -0.000140 0.067500 6.060606e-03
0.038745 0.048253 0.064808 -0.020726 0.028109 -0.000028 0.067500 6.060606e-03
-0.794772 0.371546 0.458588 -0.278437 -0.636408 0.000023 0.067500 6.060606e-03
-0.493430 0.474615 0.199147 -0.360594 -0.396143 0.000049 0.067500 6.060606e-03
-0.340910 0.743167 -0.588865 -0.574654 -0.274408 0.000105 0.067500 6.060606e-03
0.074134 0.797207 0.100961 -0.617739 0.056311 0.000120 0.067500 6.060606e-03
0.469011 0.427549 0.014271 -0.323070 0.371104 0.000052 0.067500 6.060606e-03
0.405516 0.478549 -0.261455 -0.363720 0.320544 0.000061 0.067500 6.060606e-03
-0.425908 -0.579132 0.189048 0.479364 -0.342319 -0.000157 0.067500 6.060606e-03
0.247250 -0.713608 0.160564 0.586562 0.194310 -0.000175 0.067500 6.060606e-03
0.757485 0.614580 0.224852 -0.472160 0.601016 0.000093 0.067500 6.060606e-03
-0.554187 0.714416 -0.306655 -0.551739 -0.444475 0.000096 0.067500 6.060606e-03
-0.289394 0.459994 -0.652858 -0.348928 -0.233329 0.000050 0.067500 6.060606e-03
-0.688635 -0.637141 0.374817 0.525603 -0.551789 -0.000170 0.067500 6.060606e-03
-0.947262 0.393509 0.051544 -0.295939 -0.757882 0.000027 0.067500 6.060606e-03
-0.501671 -0.356972 -0.689229 0.302294 -0.402538 -0.000112 0.067500 6.060606e-03
0.590707 -0.087500 -0.392964 0.087496 0.468195 -0.000049 0.067500 6.060606e-03
-0.951092 0.148372 -0.249031 -0.100532 -0.760876 -0.000020 0.067500 6.060606e-03
0.560033 -0.079924 -0.690104 0.081459 0.443801 -0.000047 0.067500 6.060606e-03
-0.082826 0.300777 0.059781 -0.222020 -0.068803 0.000020 0.067500 6.060606e-03
-0.564397 0.786119 0.137488 -0.608901 -0.452702 0.000109 0.067500 6.060606e-03
0.140376 -0.016525 0.661980 0.030904 0.109009 -0.000039 0.067500 6.060606e-03
0.537453 -0.189808 -0.118494 0.169043 0.425692 -0.000069 0.067500 6.060606e-03
-0.560821 -0.586471 -0.524565 0.485228 -0.449723 -0.000160 0.067500 6.060606e-03
-0.901691 0.195257 0.252620 -0.137910 -0.721596 -0.000012 0.067500 6.060606e-03
0.970033 0.220684 0.065536 -0.158170 0.770479 0.000017 0.067500 6.060606e-03
0.178088 0.151734 0.366884 -0.103215 0.139127 -0.000006 0.067500 6.060606e-03
-0.532531 -3.052531 -0.068847 0.599397 -0.106615 0.002113 0.035000 5.555556e-04
-0.406750 -2.972131 -0.119704 0.581071 -0.076372 0.004593 0.035000 5.555556e-04
-0.548310 -2.839006 -0.123649 0.548825 -0.110794 0.000409 0.035000 5.555556e-04
-0.349989 -2.772553 0.101138 0.527356 -0.061201 0.004690 0.035000 5.555556e-04
-0.437872 -2.852890 -0.028990 0.549954 -0.083367 0.003110 0.035000 5.555556e-04
-0.560576 -2.975351 0.097789 0.576697 -0.112389 0.000967 0.035000 5.555556e-04
-0.502450 -2.789081 0.102507 0.531337 -0.098236 0.001180 0.035000 5.555556e-04
-0.278373 -3.003272 0.030710 0.585073 -0.044242 0.007825 0.035000 5.555556e-04
-0.661494 -2.972746 -0.037311 0.579261 -0.137753 -0.001438 0.035000 5.555556e-04
-0.378107 -2.826796 -0.159560 0.546713 -0.069660 0.004364 0.035000 5.555556e-04
-0.412164 -3.131743 -0.132414 0.620145 -0.077766 0.005459 0.035000 5.555556e-04
-0.615778 -2.861548 0.036813 0.550497 -0.126181 -0.001052 0.035000 5.555556e-04
-0.386629 -2.922499 0.142671 0.562796 -0.069846 0.004756 0.035000 5.555556e-04
-0.449180 -3.164112 0.018875 0.624420 -0.085819 0.004783 0.035000 5.555556e-04
-0.395779 -2.715465 -0.025868 0.516501 -0.073117 0.003250 0.035000 5.555556e-04
-0.267371 -2.880938 -0.066369 0.557657 -0.042172 0.007323 0.035000 5.555556e-04
-0.582182 -3.148151 0.061645 0.619526 -0.117866 0.001531 0.035000 5.555556e-04
-0.459721 -3.056896 0.153656 0.595183 -0.087537 0.003864 0.035000 5.555556e-04
